1    22.620   18.519  -24.654 -179.579    4.621 -104.679 
2    12.281   16.502  -23.329  -69.709    7.442 -104.450 
1    17.477   11.584  -26.152   96.631   -5.208  112.221 
2    12.440   16.521  -23.451  -68.734    8.114 -103.629 
1    17.707   10.533  -24.157   96.996   -4.357  124.462 
2    12.509   16.572  -23.493  -68.384    8.312 -103.163 
1    19.363   12.500  -25.781   96.442    3.384  109.507 
2    12.428   16.561  -23.489  -70.012    9.007 -102.974 
1    15.376   12.122  -25.795   93.323    6.451  110.312 
2    12.434   16.572  -23.496  -70.041    8.900 -102.988 
1    11.552   18.065  -24.615    4.792  -12.096 -142.593 
2    12.623   16.453  -23.512  -69.835    8.631 -102.006 
1    16.912   19.633  -34.366  174.794  -83.957   77.704 
2    12.484   16.334  -23.415  -70.395    8.073 -102.753 
1    14.999   11.849  -28.901   73.023  -11.507  121.418 
2    12.496   16.357  -23.450  -69.447    8.420 -102.932 
1    19.408   12.042  -29.121  114.459  -10.873  101.196 
2    12.463   16.334  -23.467  -70.152    8.130 -102.994 
1    17.290   11.971  -30.397   97.360  -29.562  113.280 
2    12.496   16.303  -23.456  -69.804    7.985 -102.933

1    16.822   18.891  -34.255   44.490  -86.058  174.072 
2    12.725   16.241  -23.378  -70.898    8.002 -104.103 
1    16.998   17.127  -33.969  107.093  -79.578  127.970 
2    12.755   16.304  -23.358  -71.222    8.134 -103.769 
1    18.828   18.093  -34.044  160.357  -73.412   81.571 
2    12.719   16.303  -23.382  -70.933    8.224 -103.943 
1    18.725   19.798  -34.069 -153.998  -74.734   42.502 
2    12.649   16.202  -23.299  -71.162    7.589 -104.411 
1    17.051   20.964  -34.108  -99.678  -74.076  -12.055 
2    12.672   16.195  -23.333  -70.356    7.952 -104.389 
1    15.019   19.893  -34.032  -13.870  -75.317 -112.058 
2    12.730   16.239  -23.360  -70.203    8.235 -104.061 
1    15.192   17.939  -34.004   16.641  -79.019 -142.995 
2    12.704   16.233  -23.356  -70.689    7.867 -104.204 
1    15.419   16.116  -33.498   51.270  -75.895 -179.847 
2    12.711   16.247  -23.339  -70.341    8.079 -104.103 
1    17.137   14.615  -33.350   99.094  -65.319  145.269 
2    12.686   16.100  -23.320  -70.181    7.385 -104.322 
1    18.655   16.051  -33.696  142.116  -69.189   98.636 
2    12.649   16.249  -23.308  -71.333    7.740 -104.093 
1    20.310   16.932  -33.018  164.910  -51.697   82.273 
2    12.618   16.257  -23.300  -71.484    7.648 -104.206 
1    20.266   18.716  -33.457  174.312  -54.372   70.122 
2    12.641   16.230  -23.297  -71.351    7.562 -104.231 
1    18.683   22.039  -33.713 -111.945  -60.992    2.744 
2    12.661   16.236  -23.309  -70.944    7.588 -104.268 
1    16.921   23.047  -33.189  -90.774  -51.285  -19.673 
2    12.663   16.226  -23.330  -70.299    7.707 -104.370 

1    15.508   21.666  -33.597  -66.419  -64.035  -43.039 
2    12.889   16.193  -23.285  -69.296    6.106 -102.940 
1    14.261   18.188  -33.263   10.311  -64.079 -130.496 
2    12.905   16.192  -23.301  -69.283    6.350 -102.815 
1    14.254   16.441  -32.670   20.492  -53.875 -141.483 
2    12.933   16.192  -23.315  -69.000    6.367 -102.786 
1    15.728   13.846  -32.403   68.639  -57.798  174.085 
2    12.872   16.181  -23.314  -69.624    6.159 -102.799 
1    17.667   12.917  -31.843   98.255  -50.230  150.829 
2    12.894   16.180  -23.295  -69.851    6.058 -102.747 
1    19.502   13.932  -32.448  128.622  -50.527  128.052 
2    12.877   16.161  -23.290  -69.910    5.785 -102.846 

1    21.532   15.930  -31.377  159.474  -37.007   86.731 
2    12.469   16.505  -23.227  -73.558    5.769 -104.057 
1    21.888   17.786  -31.835  166.303  -38.766   90.651 
2    12.480   16.496  -23.218  -73.626    5.735 -104.048 
1    21.594   19.935  -32.524 -165.161  -47.613   72.488 
2    12.522   16.516  -23.200  -73.400    5.944 -103.876 
1    20.780   21.767  -32.760 -148.921  -48.074   62.778 
2    12.555   16.458  -23.199  -72.946    5.833 -103.853 
1    19.163   23.438  -32.534 -105.552  -45.112   30.376 
2    12.567   16.416  -23.189  -72.505    5.571 -103.926 
1    17.305   24.398  -31.710  -86.252  -36.808    5.509 
2    12.610   16.450  -23.191  -72.014    5.816 -103.916 

1    15.799   23.997  -31.817  -73.943  -41.755 -128.720 
2    12.926   16.056  -23.364  -70.698    8.322 -100.310 
1    14.161   21.912  -32.606  -38.353  -49.502  -88.630 
2    12.967   16.072  -23.382  -69.582    8.849  -99.974 
1    13.162   19.694  -32.441   -4.725  -54.652 -106.706 
2    12.888   15.949  -23.357  -70.425    8.084 -100.245 
1    13.026   17.519  -31.740   17.007  -46.866 -114.377 
2    12.864   15.898  -23.323  -70.672    7.639 -100.502 
1    13.269   15.617  -31.081   23.220  -33.278 -106.360 
2    12.889   15.897  -23.298  -70.408    7.564 -100.478 
1    13.843   14.071  -30.734   32.829  -31.195 -109.794 
2    12.888   15.916  -23.335  -70.295    8.186 -100.263 
1    15.368   11.731  -30.565   68.172  -36.320  174.999 
2    12.706   15.712  -23.164  -72.094    5.056 -102.077 
1    17.320   11.508  -30.158   91.840  -31.454  146.393 
2    12.645   16.070  -23.236  -72.144    7.855 -102.082 

1    19.004   12.487  -31.015  127.365  -39.229   84.879 
2    12.330   15.759  -22.935  -72.718   10.265 -103.534 
1    20.877   14.347  -30.992  160.241  -34.799   53.805 
2    12.386   15.767  -22.955  -72.220   10.312 -103.468 
1    22.237   15.935  -29.807  172.370  -20.033   78.665 
2    12.428   16.745  -23.366  -71.657    8.489 -103.845 
1    22.649   17.844  -30.271  174.763  -21.813   72.425 
2    12.437   16.756  -23.381  -71.332    8.595 -103.953 
1    22.818   19.871  -30.818 -171.287  -25.599   63.749 
2    12.360   16.726  -23.362  -72.679    8.016 -103.856 
1    22.154   22.152  -31.207 -147.503  -28.544   45.847 
2    12.425   16.683  -23.352  -72.040    7.952 -103.885 
1    20.777   23.961  -31.368 -127.907  -31.008   44.951 
2    12.419   16.682  -23.359  -71.901    8.015 -103.882 
1    18.954   25.445  -30.721 -102.788  -26.771   29.123 
2    12.499   16.704  -23.354  -71.579    8.169 -103.761 
1    17.283   25.865  -29.689  -91.575  -18.185   24.485 
2    12.486   16.541  -23.309  -71.162    7.404 -103.948 

1    15.052   24.666  -30.692  -71.274  -27.974   18.794 
2    12.395   16.167  -23.217  -70.268    5.387 -103.754 
1    13.119   22.812  -31.808  -40.941  -36.773    9.588 
2    12.326   16.160  -23.246  -70.906    5.379 -103.634 
1    11.910   21.102  -31.224  -17.865  -32.338 -115.756 
2    12.426   16.200  -23.247  -70.133    5.762 -103.350 
1    11.204   18.915  -30.631    5.327  -27.358 -121.717 
2    12.357   16.182  -23.242  -70.973    5.568 -103.401 
1    11.526   16.911  -29.823   11.802  -19.643 -115.284 
2    12.382   16.162  -23.282  -70.037    5.860 -103.437 
1    11.972   15.011  -29.054   21.639  -11.274 -130.394 
2    12.422   16.210  -23.287  -70.389    5.887 -103.155 
1    12.870   13.061  -28.859   36.017  -16.838 -131.862 
2    12.369   16.214  -23.295  -70.627    5.826 -103.246 
1    14.854   11.478  -28.476   68.351  -12.946 -168.829 
2    12.399   16.222  -23.265  -70.873    5.660 -103.080 

1    20.186   11.873  -28.740  120.720  -13.122   88.847 
2    12.726   16.057  -23.308  -69.317    8.082 -101.189 
1    21.951   13.717  -29.091  157.198  -17.687   79.893 
2    12.629   15.987  -23.314  -69.939    7.648 -101.443 
1    22.721   15.154  -27.450  168.526   -5.431   95.994 
2    12.693   15.992  -23.277  -69.807    7.515 -101.230 
1    23.213   17.085  -27.749  173.322   -4.926   93.495 
2    12.675   16.022  -23.289  -69.485    7.616 -101.491 
1    23.589   19.260  -28.190 -175.689   -5.945   86.473 
2    12.634   16.058  -23.282  -69.909    7.873 -101.335 
1    23.344   21.622  -28.499 -160.212   -7.519   79.328 
2    12.712   16.020  -23.294  -68.804    7.965 -101.419 
1    22.138   23.635  -28.844 -138.140   -6.853   69.566 
2    12.672   16.013  -23.283  -69.806    7.652 -101.438 
1    19.418   25.788  -28.115 -101.066   -7.794   61.301 
2    12.787   15.932  -23.275  -69.276    6.852 -101.719 
1    17.380   25.221  -27.380  -83.787   -5.547   61.394 
2    12.787   15.435  -23.057  -68.526    3.822 -102.627 

1    14.936   25.234  -28.044  -69.248   -1.447    5.962 
2    12.721   15.719  -23.290  -68.644    7.355 -102.395 
1    13.004   24.082  -28.127  -50.273   -3.292   18.644 
2    12.743   15.749  -23.301  -68.528    7.643 -102.204 
1    12.127   22.394  -29.706  -39.392  -15.561  -69.884 
2    12.699   15.398  -23.161  -69.014    5.435 -102.835 
1    11.264   20.095  -29.054  -10.457  -13.745 -125.569 
2    12.716   15.451  -23.232  -68.083    5.879 -102.764 
1    11.266   18.015  -28.523    3.614  -15.418 -125.616 
2    12.749   15.514  -23.224  -68.165    6.065 -102.601 
1    11.765   15.849  -27.885   17.267  -15.425 -129.170 
2    12.729   15.509  -23.202  -69.047    5.920 -102.473 
1    12.354   14.086  -27.462   21.488  -16.389 -127.375 
2    12.684   15.541  -23.236  -68.986    6.225 -102.676 

1    22.819   16.883  -26.470  168.031    1.722  -65.636 
2    12.651   16.370  -23.457  -68.212   10.113 -103.090 
1    23.209   18.745  -26.803  174.587    3.820  -66.507 
2    12.711   16.373  -23.424  -68.206   10.103 -102.889 
1    23.435   21.292  -27.062 -168.608    0.765  -67.446 
2    12.756   16.379  -23.468  -67.830   10.410 -102.595 
1    22.636   23.495  -27.239 -148.223    1.711  -66.935 
2    12.775   16.330  -23.451  -67.845   10.349 -102.569 
1    21.283   25.276  -27.367 -131.742   -0.651  -66.884 
2    12.792   16.369  -23.470  -67.641   10.375 -102.401 
1    19.219   25.887  -26.157 -104.396    8.408  -35.588 
2    12.831   16.084  -23.354  -67.741    8.438 -102.737 
1    17.335   25.735  -25.021  -90.498   16.000   -5.419 
2    12.855   16.066  -23.351  -67.497    8.503 -102.680 

1    15.023   25.978  -25.897  -72.051    7.704   -3.872 
2    12.578   16.419  -23.286  -69.468    8.428 -102.856 
1    12.820   24.392  -25.917  -51.589   13.578  -17.587 
2    12.523   16.399  -23.296  -69.637    8.544 -102.805 
1    11.475   22.617  -27.414  -30.820    4.570  -31.058 
2    12.544   16.215  -23.221  -69.403    7.559 -103.018 
1    10.926   20.095  -26.955  -11.278   -1.422  -94.581 
2    12.515   15.991  -23.061  -69.334    5.667 -103.795 
1    11.156   17.775  -26.316    3.478   -1.660  -98.681 
2    12.553   16.075  -23.120  -68.951    6.670 -103.418 
1    11.775   15.928  -25.854   12.167   -1.742 -100.466 
2    12.516   16.088  -23.140  -68.916    6.706 -103.543 
1    22.577   21.842  -25.772 -140.897   -1.545   59.553 
2    12.519   15.662  -22.884  -68.351    4.429 -105.437 
1    21.393   23.494  -26.101 -131.193    1.499   46.510 
2    12.497   15.685  -22.924  -68.321    4.550 -105.443 
1    19.298   24.446  -24.563 -108.389   14.299   25.558 
2    12.463   15.678  -22.944  -68.776    4.475 -105.277 
1    15.161   24.413  -24.549  -73.481   16.491    1.288 
2    12.568   15.710  -22.958  -68.809    4.546 -104.674 
1    11.530   21.731  -25.898  -29.103    5.281    1.691 
2    12.685   15.854  -23.116  -67.435    6.324 -102.913 