1    22.683   19.140  -24.538  175.960    5.942  -68.179 
2    12.167   17.341  -23.528  -70.444    7.317 -104.255 
1    17.380   12.411  -26.561   92.195   -3.246  -77.278 
2    12.227   17.362  -23.586  -69.536    8.406 -103.818 
1    17.441   11.155  -24.114   95.212   -1.187  -72.206 
2    12.207   17.341  -23.586  -69.527    8.265 -103.964 
1    19.381   13.152  -25.851   99.500    5.392  -81.340 
2    12.271   17.344  -23.537  -69.611    8.163 -103.755 
1    15.093   12.845  -25.838   86.129    8.827  -82.232 
2    12.258   17.353  -23.560  -69.073    8.341 -103.809 
1    11.084   18.934  -24.606    5.538   -1.552   35.636 
2    12.338   17.311  -23.573  -68.884    8.097 -103.381 
1    16.832   20.668  -34.605  138.201  -81.429  -43.007 
2    12.289   17.330  -23.603  -69.013    7.880 -103.526 
1    14.939   12.691  -28.933   72.071   -6.207  -58.740 
2    12.335   17.335  -23.574  -68.841    7.982 -103.376 
1    19.531   12.952  -29.111  116.949   -6.743  -73.643 
2    12.322   17.300  -23.559  -69.175    7.724 -103.494 
1    17.227   12.682  -30.284   95.609  -21.612  -74.319 
2    12.334   17.272  -23.566  -68.966    7.576 -103.541 

1    16.804   20.304  -34.467   93.526  -82.397   22.410 
2    12.481   17.410  -23.610  -69.095    9.015 -102.186 
1    16.909   18.338  -34.195   89.485  -74.123   22.817 
2    12.467   17.388  -23.636  -69.199    8.864 -102.277 
1    18.644   19.414  -34.309  153.748  -69.995  -22.357 
2    12.469   17.399  -23.610  -69.018    8.889 -102.293 
1    18.903   21.527  -34.192 -155.778  -72.848  -64.799 
2    12.422   17.377  -23.639  -69.255    8.655 -102.412 
1    16.782   22.404  -34.318  -85.129  -75.730 -144.948 
2    12.492   17.342  -23.610  -68.965    8.527 -102.337 
1    14.750   21.176  -34.268   13.690  -71.964  104.081 
2    12.479   17.392  -23.605  -69.025    8.718 -102.297 
1    15.198   19.179  -34.256   39.298  -70.254   76.072 
2    12.483   17.323  -23.639  -68.545    8.585 -102.418 
1    15.301   17.237  -33.779   57.678  -65.475   50.200 
2    12.497   17.354  -23.621  -68.185    8.797 -102.357 
1    17.254   16.446  -33.469   94.030  -65.434   16.782 
2    12.477   17.345  -23.646  -68.166    8.730 -102.338 
1    18.786   17.459  -33.984  118.926  -69.361   -3.567 
2    12.529   17.336  -23.644  -68.030    8.516 -102.163 
1    20.492   18.589  -33.184  166.523  -49.321  -35.781 
2    12.542   17.316  -23.634  -68.357    8.430 -102.130 
1    20.345   20.571  -33.458 -176.150  -57.861  -51.064 
2    12.469   17.322  -23.659  -68.820    8.302 -102.285 
1    18.944   23.525  -33.675 -126.303  -61.609 -100.379 
2    12.487   17.319  -23.653  -68.466    8.375 -102.281 
1    16.601   24.467  -33.255  -73.102  -54.085 -157.013 
2    12.499   17.315  -23.620  -68.760    8.077 -102.274 
1    14.801   23.170  -33.831  -52.329  -60.094 -179.391 
2    12.550   17.281  -23.610  -68.293    8.066 -102.298 
1    13.700   19.752  -33.586   11.431  -58.007   87.575 
2    12.527   17.335  -23.623  -68.227    8.261 -102.189 
1    13.815   17.779  -33.001   34.238  -48.284   42.265 
2    12.495   17.319  -23.646  -68.353    8.145 -102.309 
1    15.381   15.280  -32.780   63.875  -52.563   26.323 
2    12.515   17.310  -23.609  -68.691    7.994 -102.251 
1    17.227   14.366  -32.284   95.155  -48.528    3.870 
2    12.482   17.329  -23.600  -69.022    7.865 -102.276 


1    18.361   15.174  -32.987  107.596  -51.180  -60.329 
2    12.157   17.399  -23.493  -70.289    8.109 -103.631 
1    21.264   17.130  -31.711  151.940  -33.826  -81.724 
2    12.171   17.372  -23.478  -70.372    7.992 -103.644 
1    21.617   19.517  -32.050  174.233  -34.834  -72.021 
2    12.122   17.390  -23.518  -70.688    7.949 -103.673 
1    21.286   21.528  -32.476 -164.057  -41.024  -77.087 
2    12.145   17.336  -23.510  -70.365    7.805 -103.797 
1    20.293   23.305  -32.855 -136.432  -49.431  -83.717 
2    12.151   17.300  -23.501  -70.405    7.528 -103.880 
1    18.557   24.954  -32.633 -107.484  -44.549  -97.707 
2    12.220   17.302  -23.478  -69.998    7.628 -103.727 
1    16.632   25.793  -31.715  -88.477  -36.347 -100.814 
2    12.195   17.322  -23.484  -70.170    7.519 -103.677 

1    15.566   25.406  -31.895  -61.474  -38.695   21.442 
2    12.752   17.348  -23.646  -72.890   11.575 -100.405 
1    13.491   22.273  -32.847  -33.314  -47.144  -68.168 
2    12.475   16.790  -23.387  -71.777    8.538 -102.982 
1    12.565   20.634  -32.339  -11.045  -47.588  -93.702 
2    12.476   16.862  -23.383  -73.151    8.436 -102.713 
1    12.110   18.635  -31.780   10.060  -41.707 -109.916 
2    12.476   16.893  -23.370  -73.340    8.444 -102.677 
1    12.477   16.786  -31.384   14.164  -40.785 -109.556 
2    12.479   16.965  -23.363  -73.214    8.889 -102.573 
1    12.923   15.020  -31.143   22.744  -40.381 -114.185 
2    12.433   16.968  -23.409  -73.154    8.949 -102.698 
1    14.522   13.485  -31.112   58.772  -42.257  172.620 
2    12.443   17.003  -23.380  -73.874    9.020 -102.592 
1    16.800   12.392  -30.496   89.573  -30.601  154.987 
2    12.407   16.997  -23.423  -74.066    9.011 -102.766 

1    19.158   12.561  -30.918  123.430  -39.005   86.722 
2    12.464   16.480  -23.127  -71.887    6.600 -104.457 
1    20.889   14.266  -31.085  152.528  -37.240   62.737 
2    12.456   16.490  -23.127  -72.069    6.688 -104.460 
1    22.091   15.365  -29.745  163.467  -27.108   63.622 
2    12.443   16.549  -23.096  -72.618    6.781 -104.298 
1    22.610   17.371  -30.278  170.195  -28.502   65.681 
2    12.415   16.528  -23.130  -72.821    6.687 -104.370 
1    22.843   19.475  -30.815 -175.681  -30.822   53.254 
2    12.437   16.521  -23.128  -72.974    6.584 -104.328 
1    22.179   21.607  -31.215 -154.642  -32.034   39.739 
2    12.452   16.566  -23.099  -72.926    6.884 -104.186 
1    20.735   23.619  -31.318 -131.472  -32.805   18.399 
2    12.419   16.596  -23.093  -73.729    6.995 -104.111 
1    18.831   24.746  -30.886 -103.010  -33.148    2.099 
2    12.436   16.372  -23.062  -72.660    5.582 -104.544 
1    16.828   27.155  -29.458  -88.458  -22.334    1.921 
2    12.302   17.417  -23.565  -71.030    9.526 -102.087 

1    15.244   26.411  -29.945  -72.523  -16.725  -24.918 
2    12.763   17.049  -23.622  -68.371   10.375  -99.879 
1    13.485   24.827  -31.306  -46.824  -27.333  -27.640 
2    12.770   17.138  -23.692  -68.714   11.176  -99.295 
1    12.378   23.813  -30.930  -21.220  -36.292  -97.755 
2    12.838   17.632  -23.857  -68.583   14.729  -97.226 
1    11.738   21.379  -30.667   -7.592  -35.500  -99.488 
2    12.777   17.503  -23.771  -69.287   13.066  -98.015 
1    11.994   19.217  -30.280    6.779  -29.080 -102.602 
2    12.750   17.487  -23.810  -69.095   13.062  -98.154 
1    12.563   17.186  -30.095   13.720  -31.318 -107.882 
2    12.785   17.473  -23.820  -68.775   13.218  -98.058 
1    13.628   15.311  -30.022   34.135  -34.835 -139.943 
2    12.797   17.498  -23.796  -68.934   13.315  -97.948 
1    15.437   13.582  -29.849   66.508  -26.953 -163.009 
2    12.698   17.489  -23.795  -69.668   13.016  -98.307 
1    20.217   13.835  -29.561  122.698  -17.423  121.372 
2    12.726   17.503  -23.762  -69.670   13.036  -98.383 

1    21.820   15.747  -29.971  160.520  -27.911   77.611 
2    12.607   17.362  -23.829  -70.240   12.126  -99.293 
1    22.590   16.923  -28.316  166.650  -15.869   79.150 
2    12.602   17.342  -23.798  -70.460   12.145  -99.489 
1    23.221   18.938  -28.437  178.176  -11.964   83.012 
2    12.582   17.324  -23.826  -70.057   12.264  -99.570 
1    23.469   20.883  -28.726 -176.020  -15.398   75.275 
2    12.640   17.281  -23.788  -69.842   12.052  -99.444 
1    23.266   23.357  -28.796 -156.772  -17.003   53.771 
2    12.656   17.250  -23.809  -69.135   11.989  -99.580 
1    22.241   25.455  -28.793 -139.699  -12.764   34.666 
2    12.707   17.247  -23.825  -68.760   12.063  -99.590 
1    19.248   27.183  -28.017 -101.121   -9.051   54.949 
2    12.798   17.010  -23.707  -69.250   10.473  -99.709 
1    17.332   27.195  -26.818  -81.471   -0.687   85.211 
2    12.808   17.036  -23.720  -69.001   10.704  -99.738 
1    15.047   26.927  -27.869  -58.113  -10.276   67.015 
2    12.817   17.035  -23.743  -69.075   10.877  -99.655 

1    14.498   26.020  -27.973  -60.727   -2.633   -9.327 
2    12.507   16.499  -23.381  -70.076    8.921 -101.993 
1    12.750   24.926  -27.849  -47.758    1.945   -3.610 
2    12.539   16.551  -23.400  -69.800    9.061 -101.827 
1    11.983   23.781  -29.549  -38.810  -17.785  -65.191 
2    12.551   16.655  -23.420  -69.897    9.537 -101.625 
1    10.995   21.815  -28.810   -8.815   -7.739 -123.465 
2    12.567   16.757  -23.435  -69.831    9.960 -101.341 
1    10.884   19.598  -28.451    1.477  -11.423 -122.632 
2    12.532   16.721  -23.480  -69.691   10.082 -101.551 
1    11.508   17.217  -28.108   19.519  -16.289 -125.843 
2    12.564   16.714  -23.441  -69.893    9.912 -101.386 
1    12.276   15.567  -27.803   22.506  -15.786 -120.115 
2    12.635   16.805  -23.460  -69.014   10.560 -101.123 
1    22.194   16.651  -26.177  172.198    1.262  -61.975 
2    12.121   16.184  -23.087  -71.060    7.543 -103.542 
1    22.730   18.553  -26.603  179.251    1.125  -64.703 
2    12.187   16.183  -23.088  -70.384    7.918 -103.396 
1    22.895   21.061  -27.001 -163.273   -1.079  -66.671 
2    12.216   16.224  -23.112  -69.407    8.291 -103.291 
1    21.931   22.991  -27.237 -143.030    1.989  -63.154 
2    12.264   15.915  -23.093  -69.249    6.869 -102.858 
1    20.481   24.747  -27.505 -127.052   -0.198  -74.839 
2    12.301   15.999  -23.092  -68.922    7.031 -102.724 
1    18.588   25.614  -26.313 -105.638    1.673  -49.714 
2    12.303   15.865  -23.054  -69.002    6.535 -103.036 
1    14.432   25.427  -26.077  -63.349    4.539   10.636 
2    12.376   16.009  -23.132  -68.263    7.775 -102.530 
1    12.420   23.596  -26.149  -43.715    5.631   15.145 
2    12.411   15.769  -23.105  -68.000    7.171 -102.167 
1    11.185   22.118  -27.560  -26.673   -2.674   18.819 
2    12.398   15.782  -23.118  -68.233    7.338 -102.104 
1    10.865   19.901  -27.121   -8.493   -3.144   15.005 
2    12.513   15.870  -23.127  -67.642    7.701 -101.572 
1    11.040   17.435  -26.416    3.197   -3.958   13.949 
2    12.458   15.777  -23.144  -68.141    7.265 -101.722 
1    11.732   15.818  -26.026   10.331   -4.394   14.527 
2    12.453   15.832  -23.179  -68.368    7.500 -101.475 

1    22.184   23.592  -25.485 -149.939    3.527  -59.971 
2    12.034   17.234  -23.442  -71.583   12.020 -101.794 
1    20.921   25.119  -25.571 -135.549    9.763  -51.625 
2    12.009   17.106  -23.431  -71.504   11.513 -102.046 
1    18.917   25.875  -23.924 -111.276   20.295  -45.366 
2    12.017   17.092  -23.449  -71.165   11.681 -101.981 
1    14.811   25.990  -23.889  -71.846   19.615   19.890 
2    12.080   17.119  -23.473  -70.244   11.958 -101.822 
1    11.398   23.533  -25.532  -37.752    6.132   52.376 
2    12.096   17.067  -23.473  -70.287   11.888 -101.758 