31 nasion inion
36 ear to ear

1    22.620   18.519  -24.654 -179.579    4.621 -104.679 
2    12.281   16.502  -23.329  -69.709    7.442 -104.450 
1    17.477   11.584  -26.152   96.631   -5.208  112.221 
2    12.440   16.521  -23.451  -68.734    8.114 -103.629 
1    17.707   10.533  -24.157   96.996   -4.357  124.462 
2    12.509   16.572  -23.493  -68.384    8.312 -103.163 
1    19.363   12.500  -25.781   96.442    3.384  109.507 
2    12.428   16.561  -23.489  -70.012    9.007 -102.974 
1    15.376   12.122  -25.795   93.323    6.451  110.312 
2    12.434   16.572  -23.496  -70.041    8.900 -102.988 
1    11.552   18.065  -24.615    4.792  -12.096 -142.593 
2    12.623   16.453  -23.512  -69.835    8.631 -102.006 
1    16.912   19.633  -34.366  174.794  -83.957   77.704 
2    12.484   16.334  -23.415  -70.395    8.073 -102.753 
1    14.999   11.849  -28.901   73.023  -11.507  121.418 
2    12.496   16.357  -23.450  -69.447    8.420 -102.932 
1    19.408   12.042  -29.121  114.459  -10.873  101.196 
2    12.463   16.334  -23.467  -70.152    8.130 -102.994 
1    17.290   11.971  -30.397   97.360  -29.562  113.280 
2    12.496   16.303  -23.456  -69.804    7.985 -102.933 

spiral begin

1    16.822   18.891  -34.255   44.490  -86.058  174.072 
2    12.725   16.241  -23.378  -70.898    8.002 -104.103 
1    16.998   17.127  -33.969  107.093  -79.578  127.970 
2    12.755   16.304  -23.358  -71.222    8.134 -103.769 
1    18.828   18.093  -34.044  160.357  -73.412   81.571 
2    12.719   16.303  -23.382  -70.933    8.224 -103.943 
1    18.725   19.798  -34.069 -153.998  -74.734   42.502 
2    12.649   16.202  -23.299  -71.162    7.589 -104.411 
1    17.051   20.964  -34.108  -99.678  -74.076  -12.055 
2    12.672   16.195  -23.333  -70.356    7.952 -104.389 
1    15.019   19.893  -34.032  -13.870  -75.317 -112.058 
2    12.730   16.239  -23.360  -70.203    8.235 -104.061 
1    15.192   17.939  -34.004   16.641  -79.019 -142.995 
2    12.704   16.233  -23.356  -70.689    7.867 -104.204 
1    15.419   16.116  -33.498   51.270  -75.895 -179.847 
2    12.711   16.247  -23.339  -70.341    8.079 -104.103 
1    17.137   14.615  -33.350   99.094  -65.319  145.269 
2    12.686   16.100  -23.320  -70.181    7.385 -104.322 
1    18.655   16.051  -33.696  142.116  -69.189   98.636 
2    12.649   16.249  -23.308  -71.333    7.740 -104.093 
1    20.310   16.932  -33.018  164.910  -51.697   82.273 
2    12.618   16.257  -23.300  -71.484    7.648 -104.206 
1    20.266   18.716  -33.457  174.312  -54.372   70.122 
2    12.641   16.230  -23.297  -71.351    7.562 -104.231 
1    18.683   22.039  -33.713 -111.945  -60.992    2.744 
2    12.661   16.236  -23.309  -70.944    7.588 -104.268 
1    16.921   23.047  -33.189  -90.774  -51.285  -19.673 
2    12.663   16.226  -23.330  -70.299    7.707 -104.370 

1    15.508   21.666  -33.597  -66.419  -64.035  -43.039 
2    12.889   16.193  -23.285  -69.296    6.106 -102.940 
1    14.261   18.188  -33.263   10.311  -64.079 -130.496 
2    12.905   16.192  -23.301  -69.283    6.350 -102.815 
1    14.254   16.441  -32.670   20.492  -53.875 -141.483 
2    12.933   16.192  -23.315  -69.000    6.367 -102.786 
1    15.728   13.846  -32.403   68.639  -57.798  174.085 
2    12.872   16.181  -23.314  -69.624    6.159 -102.799 
1    17.667   12.917  -31.843   98.255  -50.230  150.829 
2    12.894   16.180  -23.295  -69.851    6.058 -102.747 
1    19.502   13.932  -32.448  128.622  -50.527  128.052 
2    12.877   16.161  -23.290  -69.910    5.785 -102.846 

1    21.532   15.930  -31.377  159.474  -37.007   86.731 
2    12.469   16.505  -23.227  -73.558    5.769 -104.057 
1    21.888   17.786  -31.835  166.303  -38.766   90.651 
2    12.480   16.496  -23.218  -73.626    5.735 -104.048 
1    21.594   19.935  -32.524 -165.161  -47.613   72.488 
2    12.522   16.516  -23.200  -73.400    5.944 -103.876 
1    20.780   21.767  -32.760 -148.921  -48.074   62.778 
2    12.555   16.458  -23.199  -72.946    5.833 -103.853 
1    19.163   23.438  -32.534 -105.552  -45.112   30.376 
2    12.567   16.416  -23.189  -72.505    5.571 -103.926 
1    17.305   24.398  -31.710  -86.252  -36.808    5.509 
2    12.610   16.450  -23.191  -72.014    5.816 -103.916 

1    15.799   23.997  -31.817  -73.943  -41.755 -128.720 
2    12.926   16.056  -23.364  -70.698    8.322 -100.310 
1    14.161   21.912  -32.606  -38.353  -49.502  -88.630 
2    12.967   16.072  -23.382  -69.582    8.849  -99.974 
1    13.162   19.694  -32.441   -4.725  -54.652 -106.706 
2    12.888   15.949  -23.357  -70.425    8.084 -100.245 
1    13.026   17.519  -31.740   17.007  -46.866 -114.377 
2    12.864   15.898  -23.323  -70.672    7.639 -100.502 
1    13.269   15.617  -31.081   23.220  -33.278 -106.360 
2    12.889   15.897  -23.298  -70.408    7.564 -100.478 
1    13.843   14.071  -30.734   32.829  -31.195 -109.794 
2    12.888   15.916  -23.335  -70.295    8.186 -100.263 
1    15.368   11.731  -30.565   68.172  -36.320  174.999 
2    12.706   15.712  -23.164  -72.094    5.056 -102.077 
1    17.320   11.508  -30.158   91.840  -31.454  146.393 
2    12.645   16.070  -23.236  -72.144    7.855 -102.082 

1    19.004   12.487  -31.015  127.365  -39.229   84.879 
2    12.330   15.759  -22.935  -72.718   10.265 -103.534 
1    20.877   14.347  -30.992  160.241  -34.799   53.805 
2    12.386   15.767  -22.955  -72.220   10.312 -103.468 
1    22.237   15.935  -29.807  172.370  -20.033   78.665 
2    12.428   16.745  -23.366  -71.657    8.489 -103.845 
1    22.649   17.844  -30.271  174.763  -21.813   72.425 
2    12.437   16.756  -23.381  -71.332    8.595 -103.953 
1    22.818   19.871  -30.818 -171.287  -25.599   63.749 
2    12.360   16.726  -23.362  -72.679    8.016 -103.856 
1    22.154   22.152  -31.207 -147.503  -28.544   45.847 
2    12.425   16.683  -23.352  -72.040    7.952 -103.885 
1    20.777   23.961  -31.368 -127.907  -31.008   44.951 
2    12.419   16.682  -23.359  -71.901    8.015 -103.882 
1    18.954   25.445  -30.721 -102.788  -26.771   29.123 
2    12.499   16.704  -23.354  -71.579    8.169 -103.761 
1    17.283   25.865  -29.689  -91.575  -18.185   24.485 
2    12.486   16.541  -23.309  -71.162    7.404 -103.948 

1    15.052   24.666  -30.692  -71.274  -27.974   18.794 
2    12.395   16.167  -23.217  -70.268    5.387 -103.754 
1    13.119   22.812  -31.808  -40.941  -36.773    9.588 
2    12.326   16.160  -23.246  -70.906    5.379 -103.634 
1    11.910   21.102  -31.224  -17.865  -32.338 -115.756 
2    12.426   16.200  -23.247  -70.133    5.762 -103.350 
1    11.204   18.915  -30.631    5.327  -27.358 -121.717 
2    12.357   16.182  -23.242  -70.973    5.568 -103.401 
1    11.526   16.911  -29.823   11.802  -19.643 -115.284 
2    12.382   16.162  -23.282  -70.037    5.860 -103.437 
1    11.972   15.011  -29.054   21.639  -11.274 -130.394 
2    12.422   16.210  -23.287  -70.389    5.887 -103.155 
1    12.870   13.061  -28.859   36.017  -16.838 -131.862 
2    12.369   16.214  -23.295  -70.627    5.826 -103.246 
1    14.854   11.478  -28.476   68.351  -12.946 -168.829 
2    12.399   16.222  -23.265  -70.873    5.660 -103.080 

1    20.186   11.873  -28.740  120.720  -13.122   88.847 
2    12.726   16.057  -23.308  -69.317    8.082 -101.189 
1    21.951   13.717  -29.091  157.198  -17.687   79.893 
2    12.629   15.987  -23.314  -69.939    7.648 -101.443 
1    22.721   15.154  -27.450  168.526   -5.431   95.994 
2    12.693   15.992  -23.277  -69.807    7.515 -101.230 
1    23.213   17.085  -27.749  173.322   -4.926   93.495 
2    12.675   16.022  -23.289  -69.485    7.616 -101.491 
1    23.589   19.260  -28.190 -175.689   -5.945   86.473 
2    12.634   16.058  -23.282  -69.909    7.873 -101.335 
1    23.344   21.622  -28.499 -160.212   -7.519   79.328 
2    12.712   16.020  -23.294  -68.804    7.965 -101.419 
1    22.138   23.635  -28.844 -138.140   -6.853   69.566 
2    12.672   16.013  -23.283  -69.806    7.652 -101.438 
1    19.418   25.788  -28.115 -101.066   -7.794   61.301 
2    12.787   15.932  -23.275  -69.276    6.852 -101.719 
1    17.380   25.221  -27.380  -83.787   -5.547   61.394 
2    12.787   15.435  -23.057  -68.526    3.822 -102.627 

1    14.936   25.234  -28.044  -69.248   -1.447    5.962 
2    12.721   15.719  -23.290  -68.644    7.355 -102.395 
1    13.004   24.082  -28.127  -50.273   -3.292   18.644 
2    12.743   15.749  -23.301  -68.528    7.643 -102.204 
1    12.127   22.394  -29.706  -39.392  -15.561  -69.884 
2    12.699   15.398  -23.161  -69.014    5.435 -102.835 
1    11.264   20.095  -29.054  -10.457  -13.745 -125.569 
2    12.716   15.451  -23.232  -68.083    5.879 -102.764 
1    11.266   18.015  -28.523    3.614  -15.418 -125.616 
2    12.749   15.514  -23.224  -68.165    6.065 -102.601 
1    11.765   15.849  -27.885   17.267  -15.425 -129.170 
2    12.729   15.509  -23.202  -69.047    5.920 -102.473 
1    12.354   14.086  -27.462   21.488  -16.389 -127.375 
2    12.684   15.541  -23.236  -68.986    6.225 -102.676 

1    22.819   16.883  -26.470  168.031    1.722  -65.636 
2    12.651   16.370  -23.457  -68.212   10.113 -103.090 
1    23.209   18.745  -26.803  174.587    3.820  -66.507 
2    12.711   16.373  -23.424  -68.206   10.103 -102.889 
1    23.435   21.292  -27.062 -168.608    0.765  -67.446 
2    12.756   16.379  -23.468  -67.830   10.410 -102.595 
1    22.636   23.495  -27.239 -148.223    1.711  -66.935 
2    12.775   16.330  -23.451  -67.845   10.349 -102.569 
1    21.283   25.276  -27.367 -131.742   -0.651  -66.884 
2    12.792   16.369  -23.470  -67.641   10.375 -102.401 
1    19.219   25.887  -26.157 -104.396    8.408  -35.588 
2    12.831   16.084  -23.354  -67.741    8.438 -102.737 
1    17.335   25.735  -25.021  -90.498   16.000   -5.419 
2    12.855   16.066  -23.351  -67.497    8.503 -102.680 

1    15.023   25.978  -25.897  -72.051    7.704   -3.872 
2    12.578   16.419  -23.286  -69.468    8.428 -102.856 
1    12.820   24.392  -25.917  -51.589   13.578  -17.587 
2    12.523   16.399  -23.296  -69.637    8.544 -102.805 
1    11.475   22.617  -27.414  -30.820    4.570  -31.058 
2    12.544   16.215  -23.221  -69.403    7.559 -103.018 
1    10.926   20.095  -26.955  -11.278   -1.422  -94.581 
2    12.515   15.991  -23.061  -69.334    5.667 -103.795 
1    11.156   17.775  -26.316    3.478   -1.660  -98.681 
2    12.553   16.075  -23.120  -68.951    6.670 -103.418 
1    11.775   15.928  -25.854   12.167   -1.742 -100.466 
2    12.516   16.088  -23.140  -68.916    6.706 -103.543 
1    22.577   21.842  -25.772 -140.897   -1.545   59.553 
2    12.519   15.662  -22.884  -68.351    4.429 -105.437 
1    21.393   23.494  -26.101 -131.193    1.499   46.510 
2    12.497   15.685  -22.924  -68.321    4.550 -105.443 
1    19.298   24.446  -24.563 -108.389   14.299   25.558 
2    12.463   15.678  -22.944  -68.776    4.475 -105.277 
1    15.161   24.413  -24.549  -73.481   16.491    1.288 
2    12.568   15.710  -22.958  -68.809    4.546 -104.674 
1    11.530   21.731  -25.898  -29.103    5.281    1.691 
2    12.685   15.854  -23.116  -67.435    6.324 -102.913 


experiment 2:

1    22.683   19.140  -24.538  175.960    5.942  -68.179 
2    12.167   17.341  -23.528  -70.444    7.317 -104.255 
1    17.380   12.411  -26.561   92.195   -3.246  -77.278 
2    12.227   17.362  -23.586  -69.536    8.406 -103.818 
1    17.441   11.155  -24.114   95.212   -1.187  -72.206 
2    12.207   17.341  -23.586  -69.527    8.265 -103.964 
1    19.381   13.152  -25.851   99.500    5.392  -81.340 
2    12.271   17.344  -23.537  -69.611    8.163 -103.755 
1    15.093   12.845  -25.838   86.129    8.827  -82.232 
2    12.258   17.353  -23.560  -69.073    8.341 -103.809 
1    11.084   18.934  -24.606    5.538   -1.552   35.636 
2    12.338   17.311  -23.573  -68.884    8.097 -103.381 
1    16.832   20.668  -34.605  138.201  -81.429  -43.007 
2    12.289   17.330  -23.603  -69.013    7.880 -103.526 
1    14.939   12.691  -28.933   72.071   -6.207  -58.740 
2    12.335   17.335  -23.574  -68.841    7.982 -103.376 
1    19.531   12.952  -29.111  116.949   -6.743  -73.643 
2    12.322   17.300  -23.559  -69.175    7.724 -103.494 
1    17.227   12.682  -30.284   95.609  -21.612  -74.319 
2    12.334   17.272  -23.566  -68.966    7.576 -103.541 

start spiral

1    16.804   20.304  -34.467   93.526  -82.397   22.410 
2    12.481   17.410  -23.610  -69.095    9.015 -102.186 
1    16.909   18.338  -34.195   89.485  -74.123   22.817 
2    12.467   17.388  -23.636  -69.199    8.864 -102.277 
1    18.644   19.414  -34.309  153.748  -69.995  -22.357 
2    12.469   17.399  -23.610  -69.018    8.889 -102.293 
1    18.903   21.527  -34.192 -155.778  -72.848  -64.799 
2    12.422   17.377  -23.639  -69.255    8.655 -102.412 
1    16.782   22.404  -34.318  -85.129  -75.730 -144.948 
2    12.492   17.342  -23.610  -68.965    8.527 -102.337 
1    14.750   21.176  -34.268   13.690  -71.964  104.081 
2    12.479   17.392  -23.605  -69.025    8.718 -102.297 
1    15.198   19.179  -34.256   39.298  -70.254   76.072 
2    12.483   17.323  -23.639  -68.545    8.585 -102.418 
1    15.301   17.237  -33.779   57.678  -65.475   50.200 
2    12.497   17.354  -23.621  -68.185    8.797 -102.357 
1    17.254   16.446  -33.469   94.030  -65.434   16.782 
2    12.477   17.345  -23.646  -68.166    8.730 -102.338 
1    18.786   17.459  -33.984  118.926  -69.361   -3.567 
2    12.529   17.336  -23.644  -68.030    8.516 -102.163 
1    20.492   18.589  -33.184  166.523  -49.321  -35.781 
2    12.542   17.316  -23.634  -68.357    8.430 -102.130 
1    20.345   20.571  -33.458 -176.150  -57.861  -51.064 
2    12.469   17.322  -23.659  -68.820    8.302 -102.285 
1    18.944   23.525  -33.675 -126.303  -61.609 -100.379 
2    12.487   17.319  -23.653  -68.466    8.375 -102.281 
1    16.601   24.467  -33.255  -73.102  -54.085 -157.013 
2    12.499   17.315  -23.620  -68.760    8.077 -102.274 
1    14.801   23.170  -33.831  -52.329  -60.094 -179.391 
2    12.550   17.281  -23.610  -68.293    8.066 -102.298 
1    13.700   19.752  -33.586   11.431  -58.007   87.575 
2    12.527   17.335  -23.623  -68.227    8.261 -102.189 
1    13.815   17.779  -33.001   34.238  -48.284   42.265 
2    12.495   17.319  -23.646  -68.353    8.145 -102.309 
1    15.381   15.280  -32.780   63.875  -52.563   26.323 
2    12.515   17.310  -23.609  -68.691    7.994 -102.251 
1    17.227   14.366  -32.284   95.155  -48.528    3.870 
2    12.482   17.329  -23.600  -69.022    7.865 -102.276 


1    18.361   15.174  -32.987  107.596  -51.180  -60.329 
2    12.157   17.399  -23.493  -70.289    8.109 -103.631 
1    21.264   17.130  -31.711  151.940  -33.826  -81.724 
2    12.171   17.372  -23.478  -70.372    7.992 -103.644 
1    21.617   19.517  -32.050  174.233  -34.834  -72.021 
2    12.122   17.390  -23.518  -70.688    7.949 -103.673 
1    21.286   21.528  -32.476 -164.057  -41.024  -77.087 
2    12.145   17.336  -23.510  -70.365    7.805 -103.797 
1    20.293   23.305  -32.855 -136.432  -49.431  -83.717 
2    12.151   17.300  -23.501  -70.405    7.528 -103.880 
1    18.557   24.954  -32.633 -107.484  -44.549  -97.707 
2    12.220   17.302  -23.478  -69.998    7.628 -103.727 
1    16.632   25.793  -31.715  -88.477  -36.347 -100.814 
2    12.195   17.322  -23.484  -70.170    7.519 -103.677 

1    15.566   25.406  -31.895  -61.474  -38.695   21.442 
2    12.752   17.348  -23.646  -72.890   11.575 -100.405 
1    13.491   22.273  -32.847  -33.314  -47.144  -68.168 
2    12.475   16.790  -23.387  -71.777    8.538 -102.982 
1    12.565   20.634  -32.339  -11.045  -47.588  -93.702 
2    12.476   16.862  -23.383  -73.151    8.436 -102.713 
1    12.110   18.635  -31.780   10.060  -41.707 -109.916 
2    12.476   16.893  -23.370  -73.340    8.444 -102.677 
1    12.477   16.786  -31.384   14.164  -40.785 -109.556 
2    12.479   16.965  -23.363  -73.214    8.889 -102.573 
1    12.923   15.020  -31.143   22.744  -40.381 -114.185 
2    12.433   16.968  -23.409  -73.154    8.949 -102.698 
1    14.522   13.485  -31.112   58.772  -42.257  172.620 
2    12.443   17.003  -23.380  -73.874    9.020 -102.592 
1    16.800   12.392  -30.496   89.573  -30.601  154.987 
2    12.407   16.997  -23.423  -74.066    9.011 -102.766 

1    19.158   12.561  -30.918  123.430  -39.005   86.722 
2    12.464   16.480  -23.127  -71.887    6.600 -104.457 
1    20.889   14.266  -31.085  152.528  -37.240   62.737 
2    12.456   16.490  -23.127  -72.069    6.688 -104.460 
1    22.091   15.365  -29.745  163.467  -27.108   63.622 
2    12.443   16.549  -23.096  -72.618    6.781 -104.298 
1    22.610   17.371  -30.278  170.195  -28.502   65.681 
2    12.415   16.528  -23.130  -72.821    6.687 -104.370 
1    22.843   19.475  -30.815 -175.681  -30.822   53.254 
2    12.437   16.521  -23.128  -72.974    6.584 -104.328 
1    22.179   21.607  -31.215 -154.642  -32.034   39.739 
2    12.452   16.566  -23.099  -72.926    6.884 -104.186 
1    20.735   23.619  -31.318 -131.472  -32.805   18.399 
2    12.419   16.596  -23.093  -73.729    6.995 -104.111 
1    18.831   24.746  -30.886 -103.010  -33.148    2.099 
2    12.436   16.372  -23.062  -72.660    5.582 -104.544 
1    16.828   27.155  -29.458  -88.458  -22.334    1.921 
2    12.302   17.417  -23.565  -71.030    9.526 -102.087 

1    15.244   26.411  -29.945  -72.523  -16.725  -24.918 
2    12.763   17.049  -23.622  -68.371   10.375  -99.879 
1    13.485   24.827  -31.306  -46.824  -27.333  -27.640 
2    12.770   17.138  -23.692  -68.714   11.176  -99.295 
1    12.378   23.813  -30.930  -21.220  -36.292  -97.755 
2    12.838   17.632  -23.857  -68.583   14.729  -97.226 
1    11.738   21.379  -30.667   -7.592  -35.500  -99.488 
2    12.777   17.503  -23.771  -69.287   13.066  -98.015 
1    11.994   19.217  -30.280    6.779  -29.080 -102.602 
2    12.750   17.487  -23.810  -69.095   13.062  -98.154 
1    12.563   17.186  -30.095   13.720  -31.318 -107.882 
2    12.785   17.473  -23.820  -68.775   13.218  -98.058 
1    13.628   15.311  -30.022   34.135  -34.835 -139.943 
2    12.797   17.498  -23.796  -68.934   13.315  -97.948 
1    15.437   13.582  -29.849   66.508  -26.953 -163.009 
2    12.698   17.489  -23.795  -69.668   13.016  -98.307 
1    20.217   13.835  -29.561  122.698  -17.423  121.372 
2    12.726   17.503  -23.762  -69.670   13.036  -98.383 

1    21.820   15.747  -29.971  160.520  -27.911   77.611 
2    12.607   17.362  -23.829  -70.240   12.126  -99.293 
1    22.590   16.923  -28.316  166.650  -15.869   79.150 
2    12.602   17.342  -23.798  -70.460   12.145  -99.489 
1    23.221   18.938  -28.437  178.176  -11.964   83.012 
2    12.582   17.324  -23.826  -70.057   12.264  -99.570 
1    23.469   20.883  -28.726 -176.020  -15.398   75.275 
2    12.640   17.281  -23.788  -69.842   12.052  -99.444 
1    23.266   23.357  -28.796 -156.772  -17.003   53.771 
2    12.656   17.250  -23.809  -69.135   11.989  -99.580 
1    22.241   25.455  -28.793 -139.699  -12.764   34.666 
2    12.707   17.247  -23.825  -68.760   12.063  -99.590 
1    19.248   27.183  -28.017 -101.121   -9.051   54.949 
2    12.798   17.010  -23.707  -69.250   10.473  -99.709 
1    17.332   27.195  -26.818  -81.471   -0.687   85.211 
2    12.808   17.036  -23.720  -69.001   10.704  -99.738 
1    15.047   26.927  -27.869  -58.113  -10.276   67.015 
2    12.817   17.035  -23.743  -69.075   10.877  -99.655 

1    14.498   26.020  -27.973  -60.727   -2.633   -9.327 
2    12.507   16.499  -23.381  -70.076    8.921 -101.993 
1    12.750   24.926  -27.849  -47.758    1.945   -3.610 
2    12.539   16.551  -23.400  -69.800    9.061 -101.827 
1    11.983   23.781  -29.549  -38.810  -17.785  -65.191 
2    12.551   16.655  -23.420  -69.897    9.537 -101.625 
1    10.995   21.815  -28.810   -8.815   -7.739 -123.465 
2    12.567   16.757  -23.435  -69.831    9.960 -101.341 
1    10.884   19.598  -28.451    1.477  -11.423 -122.632 
2    12.532   16.721  -23.480  -69.691   10.082 -101.551 
1    11.508   17.217  -28.108   19.519  -16.289 -125.843 
2    12.564   16.714  -23.441  -69.893    9.912 -101.386 
1    12.276   15.567  -27.803   22.506  -15.786 -120.115 
2    12.635   16.805  -23.460  -69.014   10.560 -101.123 
1    22.194   16.651  -26.177  172.198    1.262  -61.975 
2    12.121   16.184  -23.087  -71.060    7.543 -103.542 
1    22.730   18.553  -26.603  179.251    1.125  -64.703 
2    12.187   16.183  -23.088  -70.384    7.918 -103.396 
1    22.895   21.061  -27.001 -163.273   -1.079  -66.671 
2    12.216   16.224  -23.112  -69.407    8.291 -103.291 
1    21.931   22.991  -27.237 -143.030    1.989  -63.154 
2    12.264   15.915  -23.093  -69.249    6.869 -102.858 
1    20.481   24.747  -27.505 -127.052   -0.198  -74.839 
2    12.301   15.999  -23.092  -68.922    7.031 -102.724 
1    18.588   25.614  -26.313 -105.638    1.673  -49.714 
2    12.303   15.865  -23.054  -69.002    6.535 -103.036 
1    14.432   25.427  -26.077  -63.349    4.539   10.636 
2    12.376   16.009  -23.132  -68.263    7.775 -102.530 
1    12.420   23.596  -26.149  -43.715    5.631   15.145 
2    12.411   15.769  -23.105  -68.000    7.171 -102.167 
1    11.185   22.118  -27.560  -26.673   -2.674   18.819 
2    12.398   15.782  -23.118  -68.233    7.338 -102.104 
1    10.865   19.901  -27.121   -8.493   -3.144   15.005 
2    12.513   15.870  -23.127  -67.642    7.701 -101.572 
1    11.040   17.435  -26.416    3.197   -3.958   13.949 
2    12.458   15.777  -23.144  -68.141    7.265 -101.722 
1    11.732   15.818  -26.026   10.331   -4.394   14.527 
2    12.453   15.832  -23.179  -68.368    7.500 -101.475 

1    22.184   23.592  -25.485 -149.939    3.527  -59.971 
2    12.034   17.234  -23.442  -71.583   12.020 -101.794 
1    20.921   25.119  -25.571 -135.549    9.763  -51.625 
2    12.009   17.106  -23.431  -71.504   11.513 -102.046 
1    18.917   25.875  -23.924 -111.276   20.295  -45.366 
2    12.017   17.092  -23.449  -71.165   11.681 -101.981 
1    14.811   25.990  -23.889  -71.846   19.615   19.890 
2    12.080   17.119  -23.473  -70.244   11.958 -101.822 
1    11.398   23.533  -25.532  -37.752    6.132   52.376 
2    12.096   17.067  -23.473  -70.287   11.888 -101.758 


expermiment 3

1    20.129   18.048  -24.670  179.701    4.549  -61.207 
2     9.880   15.923  -23.379  -77.778   16.984 -103.512 
1    15.273   10.909  -25.663   96.369    2.372  -73.536 
2     9.941   15.983  -23.419  -76.267   17.470 -103.331 
1    15.304    9.874  -23.481   96.120    1.827  -66.633 
2     9.961   16.036  -23.429  -75.827   17.705 -103.219 
1    17.159   11.751  -25.453   99.430    8.281  -71.381 
2     9.984   16.011  -23.410  -76.325   17.404 -103.061 
1    13.031   11.353  -25.443   90.787    7.430  -70.732 
2     9.981   16.018  -23.438  -75.849   17.552 -103.172 
1     8.901   17.072  -24.547    9.530    0.271 -112.307 
2    10.164   16.030  -23.433  -76.408   17.383 -101.892 
1    14.857   18.472  -34.618  125.364  -76.750  -43.684 
2    10.028   16.044  -23.417  -76.977   17.128 -102.784 
1    12.636   11.037  -28.350   73.884   -7.981  129.477 
2    10.033   15.985  -23.435  -76.720   17.075 -102.897 
1    17.141   11.350  -28.248  119.407   -4.759  114.097 
2    10.012   16.008  -23.433  -76.743   17.511 -102.830 
1    14.814   10.985  -29.507   93.318  -16.622  120.964 
2    10.007   16.027  -23.439  -76.839   17.309 -102.999 

spiral

1    15.248   18.453  -34.429  145.909  -85.553  110.003 
2    10.618   15.650  -23.602  -75.226   21.744 -102.315 
1    15.351   16.429  -34.110  107.853  -75.020  148.919 
2    10.645   15.666  -23.607  -74.753   21.910 -102.275 
1    17.259   17.625  -33.953  175.445  -64.838   86.055 
2    10.613   15.717  -23.582  -75.746   21.764 -102.401 
1    17.206   19.585  -34.069 -153.851  -66.163   53.235 
2    10.615   15.715  -23.560  -76.367   21.549 -102.444 
1    15.191   20.531  -34.279 -110.429  -75.367    3.992 
2    10.557   15.701  -23.541  -77.186   21.155 -102.728 
1    12.959   19.348  -34.179    0.489  -72.596 -123.492 
2    10.572   15.737  -23.567  -76.678   21.203 -102.745 
1    13.482   17.464  -34.060   21.326  -76.507 -142.027 
2    10.622   15.720  -23.552  -76.379   21.343 -102.526 
1    13.683   15.496  -33.660   84.950  -69.626  154.029 
2    10.622   15.766  -23.551  -76.488   21.566 -102.465 
1    15.228   14.526  -33.429  101.324  -67.798  145.802 
2    10.555   15.734  -23.579  -76.913   21.315 -102.744 
1    16.924   15.602  -33.651  138.637  -66.647  114.680 
2    10.559   15.804  -23.552  -77.102   21.538 -102.851 
1    18.657   16.574  -32.915  165.642  -46.793   97.706 
2    10.602   15.763  -23.536  -76.839   21.370 -102.676 
1    18.586   18.544  -33.303 -173.740  -54.407   77.330 
2    10.586   15.766  -23.512  -77.216   20.869 -102.824 
1    17.091   21.404  -33.663 -135.467  -61.599   44.619 
2    10.598   15.681  -23.504  -77.347   20.455 -102.890 
1    15.190   22.574  -33.343  -88.986  -53.640    1.477 
2    10.589   15.732  -23.513  -77.059   20.521 -102.992 
1    13.219   21.434  -34.032  -58.407  -67.601  -51.134 
2    10.588   15.730  -23.497  -77.189   20.524 -103.113 
1    11.788   17.956  -33.479    7.569  -61.475 -140.918 
2    10.616   15.748  -23.481  -77.198   20.570 -103.014 
1    11.723   16.086  -32.997   27.030  -53.135 -156.321 
2    10.561   15.849  -23.483  -77.157   20.968 -103.076 
1    13.306   13.477  -32.629   68.711  -55.626  166.833 
2    10.578   15.751  -23.501  -77.169   20.564 -103.115 
1    15.227   12.418  -32.125   97.862  -50.360  145.115 
2    10.556   15.779  -23.478  -77.593   20.540 -103.166 
1    16.972   13.386  -32.561  125.104  -50.409  124.613 
2    10.565   15.723  -23.462  -78.079   20.090 -103.232 

1    19.510   15.405  -31.129  168.853  -33.730   93.715 
2    10.720   14.939  -22.883  -76.565   23.328 -104.375 
1    19.622   17.559  -31.532 -175.221  -39.513   77.275 
2    10.685   14.950  -22.896  -76.536   23.567 -104.430 
1    19.284   19.700  -31.930 -155.824  -46.575   60.606 
2    10.710   14.952  -22.919  -76.212   23.638 -104.298 
1    18.290   21.482  -32.120 -136.524  -45.207   46.619 
2    10.744   14.926  -22.898  -75.805   23.504 -104.236 
1    16.783   23.005  -31.804 -109.064  -40.406   37.145 
2    10.780   14.917  -22.877  -75.936   23.453 -104.064 
1    14.662   23.840  -30.995  -83.554  -31.898   10.782 
2    10.741   14.884  -22.920  -75.935   23.319 -104.283 
1    12.905   22.940  -31.809  -63.726  -41.085   20.679 
2    10.811   15.000  -22.958  -74.570   23.948 -103.830 
1    11.279   20.811  -32.383  -29.395  -44.879  -21.583 
2    10.761   15.029  -22.956  -75.385   23.940 -103.907 
1    10.441   18.702  -32.096    8.875  -52.490 -116.039 
2    10.775   15.006  -22.973  -75.476   24.091 -103.958 
1    10.340   16.934  -31.530   22.093  -48.185 -135.160 
2    10.733   15.085  -22.975  -75.836   24.340 -103.995 
1    10.733   15.027  -31.047   27.372  -40.642 -137.326 
2    10.767   15.064  -22.975  -75.318   24.254 -103.902 
1    11.416   13.145  -30.686   40.880  -38.624 -150.915 
2    10.791   15.004  -22.944  -75.660   23.868 -103.754 
1    13.423   11.774  -30.702   81.882  -38.010  162.710 
2    10.782   15.075  -22.963  -75.247   24.558 -103.702 
1    15.382   10.893  -29.838   97.257  -24.338  157.940 
2    10.728   15.052  -22.974  -75.770   24.152 -103.913 

1    17.966   11.554  -30.182  122.830  -20.047  -66.354 
2    10.856   15.496  -23.162  -75.902   17.321 -103.896 
1    19.550   13.453  -30.471  152.729  -23.134  -79.172 
2    10.861   15.521  -23.164  -75.601   17.399 -103.951 
1    20.850   14.624  -28.913  164.103   -8.936  -80.111 
2    10.864   15.480  -23.169  -75.638   17.159 -103.989 
1    21.115   16.729  -29.537  172.881   -6.826  -73.615 
2    10.848   15.539  -23.157  -75.926   17.305 -104.003 
1    21.060   18.581  -30.145 -177.165   -8.522  -76.605 
2    10.822   15.477  -23.116  -76.298   16.916 -104.121 
1    20.365   20.970  -30.818 -157.401  -19.773  -83.329 
2    10.797   15.535  -23.154  -76.118   17.151 -104.256 
1    18.816   22.785  -31.366 -125.092  -28.070  -89.348 
2    10.820   15.465  -23.140  -76.040   16.881 -104.192 
1    17.156   24.012  -30.978 -111.930  -25.719  -89.016 
2    10.864   15.463  -23.138  -75.468   16.815 -104.097 
1    15.101   24.680  -30.266  -88.953  -21.620  -89.695 
2    10.889   15.442  -23.132  -74.912   16.616 -104.154 

1    13.364   23.982  -31.040  -66.061  -29.885   37.594 
2    10.936   15.594  -23.142  -75.492   17.350 -103.767 
1    11.484   22.010  -32.195  -38.175  -39.276   14.464 
2    10.961   15.628  -23.138  -75.680   17.516 -103.597 
1    10.081   20.170  -31.594  -17.127  -30.757  -17.565 
2    10.961   15.635  -23.157  -75.058   17.447 -103.731 
1     9.594   17.952  -30.663    4.733  -22.778 -130.355 
2    10.971   15.550  -23.141  -75.637   16.963 -103.649 
1     9.959   15.995  -29.866   16.570  -18.713 -129.722 
2    10.994   15.574  -23.165  -75.036   17.333 -103.603 
1    10.544   14.031  -29.096   29.219  -15.266 -129.520 
2    10.979   15.597  -23.165  -75.588   17.153 -103.695 
1    11.366   12.226  -28.531   35.357  -12.996 -141.693 
2    10.937   15.530  -23.145  -76.180   16.665 -103.876 
1    13.612   10.565  -28.177   74.538  -13.056 -172.582 
2    10.920   15.565  -23.153  -75.873   16.926 -103.852 
1    18.105   10.959  -28.140  120.729  -11.035  146.229 
2    10.932   15.594  -23.155  -75.514   17.078 -103.855 

1    19.074   13.412  -29.554  145.707  -16.795  -41.981 
2    10.444   16.179  -23.315  -78.211   23.167 -105.390 
1    19.882   14.813  -28.110  162.568  -10.141  -50.917 
2    10.458   16.184  -23.266  -79.019   22.595 -105.354 
1    20.598   16.698  -28.377  170.084   -7.636  -46.248 
2    10.484   16.136  -23.254  -78.903   22.254 -105.388 
1    20.925   18.548  -28.864  172.514  -10.340  -53.727 
2    10.478   16.142  -23.249  -79.543   22.108 -105.422 
1    21.028   21.014  -29.033 -163.265   -8.367  -42.113 
2    10.616   16.030  -23.301  -78.032   21.547 -104.984 
1    20.090   23.118  -29.386 -144.135  -13.299   50.831 
2    10.664   16.045  -23.316  -77.658   21.595 -104.696 
1    17.528   25.369  -28.823 -109.476  -13.287   35.911 
2    10.796   16.014  -23.297  -76.947   20.952 -104.252 
1    15.590   25.841  -27.622  -88.205   -5.758   12.428 
2    10.875   16.012  -23.325  -76.698   20.707 -103.950 

1    13.158   25.240  -27.982  -70.808   -5.483   48.063 
2    11.054   15.454  -23.184  -73.940   23.392 -102.467 
1    11.354   24.189  -27.927  -54.332   -1.335   45.138 
2    11.079   15.480  -23.209  -73.901   23.699 -102.215 
1    10.552   22.794  -29.392  -39.934   -9.225   58.427 
2    11.057   15.400  -23.194  -74.961   23.149 -102.249 
1     9.416   20.554  -28.874  -17.186   -5.352   56.725 
2    11.015   15.394  -23.206  -74.779   23.289 -102.356 
1     9.355   18.196  -28.366    0.907   -4.502   58.364 
2    11.105   15.431  -23.236  -74.248   23.294 -101.992 
1     9.857   16.130  -27.772   10.230   -0.601   57.315 
2    11.053   15.380  -23.228  -74.599   23.110 -102.229 
1    10.581   14.302  -27.480   14.893   -1.954   60.424 
2    11.074   15.391  -23.213  -74.779   23.121 -102.101 
1    20.925   15.903  -25.763  177.716    6.537  -53.265 
2    10.905   15.193  -23.051  -74.802   22.267 -102.521 
1    21.233   17.769  -26.093 -177.590    6.131  -54.913 
2    10.881   15.184  -23.053  -74.945   22.204 -102.622 
1    21.431   20.267  -26.484 -159.660    2.914  -56.424 
2    10.978   15.206  -23.104  -73.432   22.379 -102.223 
1    20.608   22.304  -26.692 -148.205    4.160  -57.267 
2    10.981   15.114  -23.086  -74.315   22.012 -102.211 
1    19.193   24.119  -27.079 -131.424    1.901  -50.164 
2    11.084   15.192  -23.121  -72.938   22.640 -101.730 
1    17.253   25.119  -25.721 -111.295    8.537  -68.091 
2    11.071   15.152  -23.134  -73.131   22.292 -101.813 
1    15.114   24.859  -24.702  -86.064   21.358    7.019 
2    10.921   15.117  -23.013  -75.527   21.716 -103.017 
1    13.015   24.774  -25.880  -67.333    8.680   19.680 
2    10.943   15.181  -23.018  -74.834   22.122 -102.896 

1    11.107   23.438  -25.939  -37.886    7.140   47.915 
2    11.158   15.424  -23.231  -72.882   24.319 -101.337 
1    10.061   22.342  -27.417  -35.018    2.466   54.449 
2    11.213   15.489  -23.269  -72.346   24.712 -100.790 
1     9.355   19.912  -27.091  -13.668   -1.874   52.273 
2    11.216   15.456  -23.286  -72.471   24.617 -100.790 
1     9.668   17.270  -26.507    9.630   -1.318   33.664 
2    11.235   15.442  -23.303  -72.488   24.554 -100.651 
1    10.533   15.657  -26.194   13.577   -2.541   34.765 
2    11.225   15.454  -23.294  -72.208   24.439 -100.754 
1    20.810   22.141  -24.953 -142.697   11.446    7.445 
2    11.272   15.341  -23.253  -72.775   23.312 -100.725 
1    19.698   23.547  -25.133 -140.337   15.194   -2.490 
2    11.277   15.323  -23.241  -72.784   23.461 -100.659 
1    17.559   24.559  -23.732 -118.097   20.481   -0.702 
2    11.315   15.343  -23.263  -72.157   23.657 -100.501 
1    13.232   24.287  -23.872  -65.182   21.519    7.744 
2    11.330   15.275  -23.262  -72.255   23.241 -100.566 
1    10.131   21.541  -25.750  -30.997   10.301   32.190 
2    11.363   15.352  -23.273  -72.064   23.551 -100.276 


