head:

36cm
34.5cm

1    28.744  -15.354  -49.918  -79.637    7.277  -78.775 
2    26.408  -14.205  -52.552 -164.273    7.436  -86.930 
1    20.604  -23.293  -53.076    8.354   -4.404   71.254 
2    26.296  -14.086  -52.482 -164.375    6.905  -87.196 
1    17.922  -23.495  -48.565   -0.791   -2.802   34.196 
2    25.835  -14.091  -52.429 -163.434    6.578  -88.107 
1    20.789  -19.410  -52.103   -0.829   10.526   58.498 
2    26.072  -13.876  -52.313 -164.317    6.248  -87.884 
1    21.494  -26.132  -51.585    2.508    6.907   58.029 
2    25.928  -14.027  -52.253 -164.517    5.876  -87.571 
1    29.762  -28.865  -48.763   97.004   14.666  -64.852 
2    25.878  -14.010  -52.248 -164.189    6.191  -87.547 
1    33.851  -23.119  -63.460  138.751  -75.872   14.079 
2    25.876  -13.889  -52.186 -164.228    5.942  -87.758 
1    20.764  -20.337  -58.143  -22.428  -21.217  117.998 
2    25.674  -14.057  -52.236 -164.167    5.665  -87.907 
1    21.283  -23.346  -59.701    4.872  -30.557  103.180 
2    25.716  -14.004  -52.206 -164.180    5.734  -87.959 
1    21.195  -26.216  -57.360   40.727  -19.104  102.831 
2    25.715  -14.003  -52.202 -164.380    5.578  -87.849 
1    25.864  -29.329  -54.317   86.316   -1.582  -57.898 
2    25.769  -14.263  -52.189 -163.663    5.971  -87.516 
1    25.153  -16.509  -55.928  -58.305  -21.315   53.670 
2    25.742  -14.073  -52.225 -163.307    5.945  -87.738 
1    39.569  -19.146  -51.408 -164.046   21.821    5.481 
2    25.798  -14.237  -52.227 -163.514    6.302  -87.577 
1    40.614  -21.591  -52.509 -176.326   10.529   10.159 
2    25.654  -14.050  -52.292 -163.555    6.056  -88.041 
1    39.428  -24.199  -51.337  174.670   14.457    9.865 
2    25.842  -14.062  -52.154 -163.691    6.052  -87.926 

1    28.379  -15.273  -49.177  -74.372    4.260  -11.591 
2    25.823  -14.466  -52.246 -162.804    5.830  -87.414 
1    20.066  -23.330  -52.522    6.550   -2.784   34.353 
2    25.890  -14.251  -52.116 -162.686    5.879  -87.599 
1    17.492  -23.052  -47.844   -6.936   -1.145   16.039 
2    25.391  -14.122  -51.954 -164.034    4.443  -88.745 
1    20.878  -19.535  -51.627  -12.977   14.655   17.492 
2    25.380  -14.167  -52.025 -163.365    4.442  -88.232 
1    21.388  -26.352  -51.252    4.789   10.343   21.688 
2    25.608  -14.109  -52.002 -163.492    4.788  -87.948 
1    29.623  -28.836  -49.002   97.468   10.519  -55.647 
2    25.674  -13.976  -51.939 -163.577    5.181  -88.404 
1    33.090  -23.063  -63.555  113.268  -80.762   55.385 
2    25.402  -14.240  -51.982 -163.244    4.715  -88.267 
1    20.743  -20.140  -58.071  -19.742  -20.462  141.275 
2    25.423  -14.042  -51.982 -163.430    4.948  -88.585 
1    20.845  -23.453  -59.375    3.499  -35.171  132.508 
2    25.504  -14.111  -51.903 -163.240    4.955  -88.224 
1    21.098  -26.358  -56.803   34.459  -17.699  123.412 
2    25.313  -13.971  -51.957 -163.235    4.350  -88.633 
1    25.219  -28.778  -54.285   79.243    4.131  -51.868 
2    25.141  -14.171  -51.946 -163.431    4.173  -88.289 
1    24.547  -16.392  -55.590  -51.747  -14.955  -15.027 
2    25.104  -14.102  -51.914 -163.107    4.482  -88.463 
1    38.767  -19.027  -51.688 -164.715   23.645    0.125 
2    25.160  -14.173  -51.816 -162.894    4.292  -88.581 
1    39.622  -21.835  -52.793 -175.311   11.586    5.717 
2    25.070  -14.074  -51.813 -163.079    3.704  -88.743 
1    38.700  -24.546  -51.223  171.473   13.571    8.101 
2    25.113  -14.266  -51.655 -163.064    4.011  -88.592 



1    26.725  -15.155  -49.489  -79.494    9.237  -70.751 
2    24.344  -14.149  -52.795 -165.819    1.477  -83.826 
1    18.129  -22.421  -53.044   -1.956   -7.136   76.711 
2    24.459  -13.766  -52.650 -166.604    1.190  -84.132 
1    14.966  -22.431  -48.617   -2.950   -4.582   60.198 
2    24.273  -13.724  -52.393 -166.797    0.390  -84.692 
1    18.841  -18.949  -52.209   -2.901    5.771   52.167 
2    24.230  -13.919  -52.481 -166.676    0.145  -84.292 
1    19.137  -25.892  -51.737   -0.386    5.539   51.384 
2    24.229  -14.065  -52.499 -167.091    0.380  -83.857 
1    27.475  -28.894  -48.255   95.104   16.809  -66.053 
2    24.346  -14.118  -52.703 -165.444    0.664  -83.845 
1    32.542  -23.451  -62.179  132.499  -73.646   42.844 
2    24.286  -14.166  -52.505 -165.626    0.413  -84.293 
1    19.512  -19.807  -57.372  -14.341  -19.091  -56.107 
2    24.164  -14.210  -52.462 -165.594    0.072  -84.330 
1    19.607  -22.950  -58.898    8.936  -32.120  -70.990 
2    23.994  -14.172  -52.471 -165.855   -0.401  -84.463 
1    19.414  -25.909  -56.819   30.188  -26.386  -78.570 
2    24.268  -14.253  -52.372 -166.002   -0.181  -83.985 
1    23.014  -29.131  -53.890   77.996    5.766  -78.104 
2    24.173  -14.068  -52.426 -165.531   -0.320  -84.499 
1    23.840  -16.300  -54.987  -58.752  -18.356   20.115 
2    24.175  -14.146  -52.466 -165.458   -0.624  -84.173 
1    38.191  -20.164  -50.259 -173.835   24.310   -0.236 
2    24.292  -13.970  -52.469 -165.485   -0.004  -84.621 
1    38.867  -22.801  -51.606 -177.637   15.427   13.462 
2    24.237  -14.035  -52.429 -165.725    0.081  -84.529 
1    37.688  -25.283  -50.152  172.147   14.613    9.135 
2    23.984  -13.794  -52.498 -165.563   -0.333  -84.890 
1    32.064  -23.346  -62.484  119.202  -83.032 -159.244 
2    24.330  -14.297  -52.515 -165.916    0.368  -83.830 
