1    20.129   18.048  -24.670  179.701    4.549  -61.207 
2     9.880   15.923  -23.379  -77.778   16.984 -103.512 
1    15.273   10.909  -25.663   96.369    2.372  -73.536 
2     9.941   15.983  -23.419  -76.267   17.470 -103.331 
1    15.304    9.874  -23.481   96.120    1.827  -66.633 
2     9.961   16.036  -23.429  -75.827   17.705 -103.219 
1    17.159   11.751  -25.453   99.430    8.281  -71.381 
2     9.984   16.011  -23.410  -76.325   17.404 -103.061 
1    13.031   11.353  -25.443   90.787    7.430  -70.732 
2     9.981   16.018  -23.438  -75.849   17.552 -103.172 
1     8.901   17.072  -24.547    9.530    0.271 -112.307 
2    10.164   16.030  -23.433  -76.408   17.383 -101.892 
1    14.857   18.472  -34.618  125.364  -76.750  -43.684 
2    10.028   16.044  -23.417  -76.977   17.128 -102.784 
1    12.636   11.037  -28.350   73.884   -7.981  129.477 
2    10.033   15.985  -23.435  -76.720   17.075 -102.897 
1    17.141   11.350  -28.248  119.407   -4.759  114.097 
2    10.012   16.008  -23.433  -76.743   17.511 -102.830 
1    14.814   10.985  -29.507   93.318  -16.622  120.964 
2    10.007   16.027  -23.439  -76.839   17.309 -102.999 

1    15.248   18.453  -34.429  145.909  -85.553  110.003 
2    10.618   15.650  -23.602  -75.226   21.744 -102.315 
1    15.351   16.429  -34.110  107.853  -75.020  148.919 
2    10.645   15.666  -23.607  -74.753   21.910 -102.275 
1    17.259   17.625  -33.953  175.445  -64.838   86.055 
2    10.613   15.717  -23.582  -75.746   21.764 -102.401 
1    17.206   19.585  -34.069 -153.851  -66.163   53.235 
2    10.615   15.715  -23.560  -76.367   21.549 -102.444 
1    15.191   20.531  -34.279 -110.429  -75.367    3.992 
2    10.557   15.701  -23.541  -77.186   21.155 -102.728 
1    12.959   19.348  -34.179    0.489  -72.596 -123.492 
2    10.572   15.737  -23.567  -76.678   21.203 -102.745 
1    13.482   17.464  -34.060   21.326  -76.507 -142.027 
2    10.622   15.720  -23.552  -76.379   21.343 -102.526 
1    13.683   15.496  -33.660   84.950  -69.626  154.029 
2    10.622   15.766  -23.551  -76.488   21.566 -102.465 
1    15.228   14.526  -33.429  101.324  -67.798  145.802 
2    10.555   15.734  -23.579  -76.913   21.315 -102.744 
1    16.924   15.602  -33.651  138.637  -66.647  114.680 
2    10.559   15.804  -23.552  -77.102   21.538 -102.851 
1    18.657   16.574  -32.915  165.642  -46.793   97.706 
2    10.602   15.763  -23.536  -76.839   21.370 -102.676 
1    18.586   18.544  -33.303 -173.740  -54.407   77.330 
2    10.586   15.766  -23.512  -77.216   20.869 -102.824 
1    17.091   21.404  -33.663 -135.467  -61.599   44.619 
2    10.598   15.681  -23.504  -77.347   20.455 -102.890 
1    15.190   22.574  -33.343  -88.986  -53.640    1.477 
2    10.589   15.732  -23.513  -77.059   20.521 -102.992 
1    13.219   21.434  -34.032  -58.407  -67.601  -51.134 
2    10.588   15.730  -23.497  -77.189   20.524 -103.113 
1    11.788   17.956  -33.479    7.569  -61.475 -140.918 
2    10.616   15.748  -23.481  -77.198   20.570 -103.014 
1    11.723   16.086  -32.997   27.030  -53.135 -156.321 
2    10.561   15.849  -23.483  -77.157   20.968 -103.076 
1    13.306   13.477  -32.629   68.711  -55.626  166.833 
2    10.578   15.751  -23.501  -77.169   20.564 -103.115 
1    15.227   12.418  -32.125   97.862  -50.360  145.115 
2    10.556   15.779  -23.478  -77.593   20.540 -103.166 
1    16.972   13.386  -32.561  125.104  -50.409  124.613 
2    10.565   15.723  -23.462  -78.079   20.090 -103.232 

1    19.510   15.405  -31.129  168.853  -33.730   93.715 
2    10.720   14.939  -22.883  -76.565   23.328 -104.375 
1    19.622   17.559  -31.532 -175.221  -39.513   77.275 
2    10.685   14.950  -22.896  -76.536   23.567 -104.430 
1    19.284   19.700  -31.930 -155.824  -46.575   60.606 
2    10.710   14.952  -22.919  -76.212   23.638 -104.298 
1    18.290   21.482  -32.120 -136.524  -45.207   46.619 
2    10.744   14.926  -22.898  -75.805   23.504 -104.236 
1    16.783   23.005  -31.804 -109.064  -40.406   37.145 
2    10.780   14.917  -22.877  -75.936   23.453 -104.064 
1    14.662   23.840  -30.995  -83.554  -31.898   10.782 
2    10.741   14.884  -22.920  -75.935   23.319 -104.283 
1    12.905   22.940  -31.809  -63.726  -41.085   20.679 
2    10.811   15.000  -22.958  -74.570   23.948 -103.830 
1    11.279   20.811  -32.383  -29.395  -44.879  -21.583 
2    10.761   15.029  -22.956  -75.385   23.940 -103.907 
1    10.441   18.702  -32.096    8.875  -52.490 -116.039 
2    10.775   15.006  -22.973  -75.476   24.091 -103.958 
1    10.340   16.934  -31.530   22.093  -48.185 -135.160 
2    10.733   15.085  -22.975  -75.836   24.340 -103.995 
1    10.733   15.027  -31.047   27.372  -40.642 -137.326 
2    10.767   15.064  -22.975  -75.318   24.254 -103.902 
1    11.416   13.145  -30.686   40.880  -38.624 -150.915 
2    10.791   15.004  -22.944  -75.660   23.868 -103.754 
1    13.423   11.774  -30.702   81.882  -38.010  162.710 
2    10.782   15.075  -22.963  -75.247   24.558 -103.702 
1    15.382   10.893  -29.838   97.257  -24.338  157.940 
2    10.728   15.052  -22.974  -75.770   24.152 -103.913 

1    17.966   11.554  -30.182  122.830  -20.047  -66.354 
2    10.856   15.496  -23.162  -75.902   17.321 -103.896 
1    19.550   13.453  -30.471  152.729  -23.134  -79.172 
2    10.861   15.521  -23.164  -75.601   17.399 -103.951 
1    20.850   14.624  -28.913  164.103   -8.936  -80.111 
2    10.864   15.480  -23.169  -75.638   17.159 -103.989 
1    21.115   16.729  -29.537  172.881   -6.826  -73.615 
2    10.848   15.539  -23.157  -75.926   17.305 -104.003 
1    21.060   18.581  -30.145 -177.165   -8.522  -76.605 
2    10.822   15.477  -23.116  -76.298   16.916 -104.121 
1    20.365   20.970  -30.818 -157.401  -19.773  -83.329 
2    10.797   15.535  -23.154  -76.118   17.151 -104.256 
1    18.816   22.785  -31.366 -125.092  -28.070  -89.348 
2    10.820   15.465  -23.140  -76.040   16.881 -104.192 
1    17.156   24.012  -30.978 -111.930  -25.719  -89.016 
2    10.864   15.463  -23.138  -75.468   16.815 -104.097 
1    15.101   24.680  -30.266  -88.953  -21.620  -89.695 
2    10.889   15.442  -23.132  -74.912   16.616 -104.154 

1    13.364   23.982  -31.040  -66.061  -29.885   37.594 
2    10.936   15.594  -23.142  -75.492   17.350 -103.767 
1    11.484   22.010  -32.195  -38.175  -39.276   14.464 
2    10.961   15.628  -23.138  -75.680   17.516 -103.597 
1    10.081   20.170  -31.594  -17.127  -30.757  -17.565 
2    10.961   15.635  -23.157  -75.058   17.447 -103.731 
1     9.594   17.952  -30.663    4.733  -22.778 -130.355 
2    10.971   15.550  -23.141  -75.637   16.963 -103.649 
1     9.959   15.995  -29.866   16.570  -18.713 -129.722 
2    10.994   15.574  -23.165  -75.036   17.333 -103.603 
1    10.544   14.031  -29.096   29.219  -15.266 -129.520 
2    10.979   15.597  -23.165  -75.588   17.153 -103.695 
1    11.366   12.226  -28.531   35.357  -12.996 -141.693 
2    10.937   15.530  -23.145  -76.180   16.665 -103.876 
1    13.612   10.565  -28.177   74.538  -13.056 -172.582 
2    10.920   15.565  -23.153  -75.873   16.926 -103.852 
1    18.105   10.959  -28.140  120.729  -11.035  146.229 
2    10.932   15.594  -23.155  -75.514   17.078 -103.855 

1    19.074   13.412  -29.554  145.707  -16.795  -41.981 
2    10.444   16.179  -23.315  -78.211   23.167 -105.390 
1    19.882   14.813  -28.110  162.568  -10.141  -50.917 
2    10.458   16.184  -23.266  -79.019   22.595 -105.354 
1    20.598   16.698  -28.377  170.084   -7.636  -46.248 
2    10.484   16.136  -23.254  -78.903   22.254 -105.388 
1    20.925   18.548  -28.864  172.514  -10.340  -53.727 
2    10.478   16.142  -23.249  -79.543   22.108 -105.422 
1    21.028   21.014  -29.033 -163.265   -8.367  -42.113 
2    10.616   16.030  -23.301  -78.032   21.547 -104.984 
1    20.090   23.118  -29.386 -144.135  -13.299   50.831 
2    10.664   16.045  -23.316  -77.658   21.595 -104.696 
1    17.528   25.369  -28.823 -109.476  -13.287   35.911 
2    10.796   16.014  -23.297  -76.947   20.952 -104.252 
1    15.590   25.841  -27.622  -88.205   -5.758   12.428 
2    10.875   16.012  -23.325  -76.698   20.707 -103.950 

1    13.158   25.240  -27.982  -70.808   -5.483   48.063 
2    11.054   15.454  -23.184  -73.940   23.392 -102.467 
1    11.354   24.189  -27.927  -54.332   -1.335   45.138 
2    11.079   15.480  -23.209  -73.901   23.699 -102.215 
1    10.552   22.794  -29.392  -39.934   -9.225   58.427 
2    11.057   15.400  -23.194  -74.961   23.149 -102.249 
1     9.416   20.554  -28.874  -17.186   -5.352   56.725 
2    11.015   15.394  -23.206  -74.779   23.289 -102.356 
1     9.355   18.196  -28.366    0.907   -4.502   58.364 
2    11.105   15.431  -23.236  -74.248   23.294 -101.992 
1     9.857   16.130  -27.772   10.230   -0.601   57.315 
2    11.053   15.380  -23.228  -74.599   23.110 -102.229 
1    10.581   14.302  -27.480   14.893   -1.954   60.424 
2    11.074   15.391  -23.213  -74.779   23.121 -102.101 
1    20.925   15.903  -25.763  177.716    6.537  -53.265 
2    10.905   15.193  -23.051  -74.802   22.267 -102.521 
1    21.233   17.769  -26.093 -177.590    6.131  -54.913 
2    10.881   15.184  -23.053  -74.945   22.204 -102.622 
1    21.431   20.267  -26.484 -159.660    2.914  -56.424 
2    10.978   15.206  -23.104  -73.432   22.379 -102.223 
1    20.608   22.304  -26.692 -148.205    4.160  -57.267 
2    10.981   15.114  -23.086  -74.315   22.012 -102.211 
1    19.193   24.119  -27.079 -131.424    1.901  -50.164 
2    11.084   15.192  -23.121  -72.938   22.640 -101.730 
1    17.253   25.119  -25.721 -111.295    8.537  -68.091 
2    11.071   15.152  -23.134  -73.131   22.292 -101.813 
1    15.114   24.859  -24.702  -86.064   21.358    7.019 
2    10.921   15.117  -23.013  -75.527   21.716 -103.017 
1    13.015   24.774  -25.880  -67.333    8.680   19.680 
2    10.943   15.181  -23.018  -74.834   22.122 -102.896 

1    11.107   23.438  -25.939  -37.886    7.140   47.915 
2    11.158   15.424  -23.231  -72.882   24.319 -101.337 
1    10.061   22.342  -27.417  -35.018    2.466   54.449 
2    11.213   15.489  -23.269  -72.346   24.712 -100.790 
1     9.355   19.912  -27.091  -13.668   -1.874   52.273 
2    11.216   15.456  -23.286  -72.471   24.617 -100.790 
1     9.668   17.270  -26.507    9.630   -1.318   33.664 
2    11.235   15.442  -23.303  -72.488   24.554 -100.651 
1    10.533   15.657  -26.194   13.577   -2.541   34.765 
2    11.225   15.454  -23.294  -72.208   24.439 -100.754 
1    20.810   22.141  -24.953 -142.697   11.446    7.445 
2    11.272   15.341  -23.253  -72.775   23.312 -100.725 
1    19.698   23.547  -25.133 -140.337   15.194   -2.490 
2    11.277   15.323  -23.241  -72.784   23.461 -100.659 
1    17.559   24.559  -23.732 -118.097   20.481   -0.702 
2    11.315   15.343  -23.263  -72.157   23.657 -100.501 
1    13.232   24.287  -23.872  -65.182   21.519    7.744 
2    11.330   15.275  -23.262  -72.255   23.241 -100.566 
1    10.131   21.541  -25.750  -30.997   10.301   32.190 
2    11.363   15.352  -23.273  -72.064   23.551 -100.276 


