NoseTip 7.796 18.654 -8.585
LeftEye 9.796 16.490 -9.893
NoseBridge 8.082 17.127 -10.707
RightEye 6.151 16.154 -9.724
LeftEar 14.262 11.375 -7.898
RightEar 2.607 10.031 -7.667
Cz 8.936 7.815 -17.481
Fpz 7.810 16.234 -13.945
Inion 8.909 4.310 -6.177
FP1 9.999 16.536 -12.922
FP2 5.620 15.882 -12.994
1     8.692    8.468  -17.438 
2     8.470   10.628  -17.492 
3     6.801    9.369  -17.218 
4     6.889    7.107  -16.883 
5     8.991    6.317  -16.915 
6    10.890    7.778  -16.816 
7    10.505    9.528  -17.137 
8    10.250   11.720  -16.967 
9     8.188   12.487  -17.115 
10     6.409   11.122  -16.994
11     5.081   10.020  -16.336
12     5.455    8.024  -16.325
13     6.970    5.266  -15.912
14     9.056    4.484  -15.289
15    10.967    5.659  -15.967
16    11.878    9.187  -16.316
17    11.714   11.080  -16.209
18   10.030   13.584  -16.403 
19     7.878   14.586  -16.059
20     6.252   13.132  -16.447
21     3.751   10.933  -14.979
22     3.903    8.732  -15.006
23     4.515    6.837  -14.962
24     5.640    5.006  -14.726
25     7.402    3.670  -14.128
26     9.266    3.200  -13.115
27    10.981    4.115  -14.163
28    12.374    6.253  -15.246
29    13.027    8.348  -15.160
30    13.170   10.246  -14.976
31    12.836   12.306  -14.760
32    12.019   14.131  -14.559
33    10.077   15.594  -14.673
34     7.810   16.234  -13.945
35     5.783   14.960  -14.886
36     4.104   12.864  -14.817
37     3.024   11.938  -13.113
38     2.884    9.756  -13.266
39     3.156    7.670  -13.248
40     4.111    5.646  -13.292
41     5.810    3.996  -13.110
42     7.542    3.048  -12.251
43     9.375    2.744  -11.151
44    11.239    3.438  -12.144
45    12.725    4.982  -13.477
46    13.823    7.112  -13.556
47    14.230    9.256  -13.201
48    14.023   11.362  -12.953
49    13.312   13.407  -12.734
50    12.181   15.245  -12.778
51     9.999   16.536  -12.922
52     5.620   15.882  -12.994
53     3.928   14.154  -13.064
54     3.043   12.842  -11.363
55     2.611   10.674  -11.317
56     2.782    8.421  -11.556
57     3.373    6.334  -11.563
58     4.673    4.271  -11.376
59     7.519    2.644  -10.124
60     9.240    2.796   -8.932
61    11.332    3.254   -9.928
62    13.111    4.734  -10.099
63    13.610    5.484  -11.776
64    14.540    7.654  -11.389
65    14.510    9.860  -11.271
66    14.012   12.051  -11.128
67    13.250   14.043  -11.002
68     2.719   11.684   -9.739
69     2.558    9.816   -9.832
70     2.877    7.618   -9.829
71     3.763    5.423   -9.663
72     5.420    3.739   -9.604
73     7.206    3.100   -7.954
74     8.908    3.549   -6.772
75    11.238    3.697   -7.800
76    13.206    5.330   -8.088
77    14.229    6.580   -9.784
78    14.529    8.850   -9.753
79    14.312   11.177   -9.592
80    13.691   12.994   -9.368
81     3.611    6.334   -7.826
82     4.821    4.793   -7.614
83     6.836    4.157   -6.147
84    10.983    4.464   -6.208
85    14.147    7.319   -8.124