rightear -8.086 19.716 14.500
nosebridge -15.674 27.918 19.120
nosetip -15.731 30.420 15.579
righteye -12.569 26.793 17.552
lefteye -18.413 26.518 17.651
leftear -22.430 19.509 14.689
cz -15.480 15.260 28.061
fp1 -18.032 27.102 21.788
fp2 -12.668 26.772 22.063
fpz -15.389 26.773 23.511
f7 -21.439 23.544 19.560
f8 -9.044 23.238 20.056
o1 -17.762 9.356 15.113
oz -15.308 8.704 16.615
o2 -12.715 9.419 15.412
0 -15.329 16.129 27.915
1 -15.336 19.203 28.042
2 -12.909 17.682 27.677
3 -12.849 14.808 27.328
4 -15.455 13.190 27.223
5 -17.937 14.904 27.156
6 -17.791 17.740 27.522
7 -17.791 20.672 27.290
8 -15.346 22.339 27.327
9 -13.011 20.585 27.414
10 -11.096 19.352 26.501
11 -11.142 16.394 26.561
12 -12.992 12.174 26.088
13 -15.363 10.831 25.312
14 -17.789 12.233 25.978
15 -19.519 16.960 26.293
16 -19.467 19.844 26.265
17 -17.735 23.522 26.373
18 -15.307 25.042 25.944
19 -12.824 23.270 26.484
20 -9.517 20.641 24.786
21 -9.448 17.582 24.896
22 -9.803 14.698 24.740
23 -11.009 12.056 24.660
24 -13.118 10.270 23.834
25 -15.505 9.476 22.671
26 -17.847 10.264 23.652
27 -19.867 12.779 24.984
28 -20.890 15.398 24.772
29 -21.371 18.161 24.542
30 -21.012 21.104 24.471
31 -20.115 23.683 24.269
32 -17.754 25.709 24.562
33 -15.104 26.829 23.648
34 -12.684 25.503 24.681
35 -10.431 23.277 24.613
36 -8.837 22.181 22.457
37 -8.342 18.949 22.701
38 -8.305 16.010 22.671
39 -9.126 13.122 22.576
40 -10.795 10.795 22.303
41 -12.703 9.183 21.181
42 -15.263 8.651 19.615
43 -17.856 9.262 20.901
44 -19.959 11.011 22.897
45 -21.620 13.455 22.754
46 -22.362 16.366 22.543
47 -22.320 19.457 22.315
48 -21.632 22.443 22.111
49 -20.402 25.113 22.017
50 -17.738 27.218 22.008
51 -12.541 27.016 22.061
52 -10.244 24.862 22.370
53 -9.044 23.238 20.056
54 -8.055 20.404 20.206
55 -7.912 17.481 20.276
56 -8.208 14.364 20.279
57 -9.502 11.489 20.097
58 -12.810 8.826 18.342
59 -15.308 8.704 16.615
60 -17.903 8.929 17.882
61 -20.297 10.494 18.279
62 -21.239 11.556 20.463
63 -22.537 14.436 20.256
64 -22.786 17.550 20.095
65 -22.320 20.779 19.723
66 -21.439 23.544 19.560
67 -8.412 21.834 17.757
68 -7.946 19.083 17.886
69 -7.979 15.762 17.935
70 -8.751 12.765 17.823
71 -10.410 10.495 17.783
72 -12.715 9.419 15.412
73 -15.100 9.623 13.931
74 -17.762 9.356 15.113
75 -20.465 11.364 15.592
76 -21.970 12.865 17.966
77 -22.615 15.873 17.788
78 -22.572 19.237 17.387
79 -21.973 22.084 17.055
80 -8.518 14.091 15.521
81 -9.934 11.661 15.372
82 -12.362 10.972 13.013
83 -17.695 10.809 12.774
84 -21.936 13.807 15.411
