1 -9.173 7.945 17.438
2 -9.078 10.114 17.492
3 -7.338 8.955 17.218
4 -7.293 6.692 16.883
5 -9.345 5.780 16.915
6 -11.327 7.127 16.816
7 -11.045 8.897 17.137
8 -10.918 11.100 16.967
9 -8.905 11.986 17.115
10 -7.049 10.728 16.994
11 -5.659 9.705 16.336
12 -5.915 7.691 16.325
13 -7.266 4.849 15.912
14 -9.303 3.946 15.289
15 -11.279 5.007 15.967
16 -12.395 8.476 16.316
17 -12.342 10.375 16.209
18 -10.808 12.974 16.403
19 -8.718 14.100 16.059
20 -7.010 12.744 16.447
21 -4.384 10.695 14.979
22 -4.407 8.489 15.006
23 -4.907 6.561 14.962
24 -5.923 4.667 14.726
25 -7.604 3.230 14.128
26 -9.437 2.652 13.115
27 -11.203 3.465 14.163
28 -12.719 5.518 15.246
29 -13.493 7.571 15.160
30 -13.747 9.458 14.976
31 -13.534 11.534 14.760
32 -12.825 13.403 14.559
33 -10.972 14.977 14.673
34 -8.747 15.749 13.945
35 -6.649 14.596 14.886
36 -4.850 12.602 14.817
37 -3.718 11.741 13.113
38 -3.450 9.570 13.266
39 -3.599 7.472 13.248
40 -4.434 5.396 13.292
41 -6.034 3.649 13.110
42 -7.707 2.601 12.251
43 -9.520 2.191 11.151
44 -11.421 2.774 12.144
45 -12.995 4.229 13.477
46 -14.216 6.291 13.556
47 -14.747 8.407 13.201
48 -14.664 10.522 12.953
49 -14.074 12.605 12.734
50 -13.052 14.506 12.778
51 -10.950 15.922 12.922
52 -6.540 15.526 12.994
53 -4.750 13.900 13.064
54 -3.789 12.642 11.363
55 -3.231 10.503 11.317
56 -3.270 8.244 11.556
57 -3.738 6.126 11.563
58 -4.915 3.990 11.376
59 -7.661 2.199 10.124
60 -9.388 2.250 8.932
61 -11.503 2.585 9.928
62 -13.366 3.959 10.099
63 -13.908 4.678 11.776
64 -14.963 6.790 11.389
65 -15.062 8.994 11.271
66 -14.693 11.210 11.128
67 -14.049 13.243 11.002
68 -3.398 11.505 9.739
69 -3.128 9.649 9.832
70 -3.318 7.437 9.829
71 -4.074 5.193 9.663
72 -5.630 3.415 9.604
73 -7.375 2.673 7.954
74 -9.100 3.022 6.772
75 -11.435 3.033 7.800
76 -13.495 4.548 8.088
77 -14.590 5.736 9.784
78 -15.022 7.984 9.753
79 -14.942 10.320 9.592
80 -14.428 12.170 9.368
81 -3.976 6.112 7.826
82 -5.093 4.503 7.614
83 -7.068 3.750 6.147
84 -11.225 3.814 6.208
85 -14.551 6.478 8.124
