RightEar
NoseBridge
NoseTip
Right Eye
LeftEye
LeftEar
CZ
Fp1
Fp2
Fpz


1    19.843   -7.769  -14.500  -95.897   -3.349  100.313 
2    23.069  -23.000  -14.360    7.051   11.098  -93.467 
1    28.166  -15.224  -19.120 -178.879   -6.880  -92.103 
2    22.965  -22.910  -14.450    7.122   11.417  -93.039 
1    30.668  -15.241  -15.579 -179.245   -6.682  -89.440 
2    23.018  -22.927  -14.400    7.061   11.226  -93.156 
1    26.991  -12.138  -17.552 -177.407   -1.909  -87.994 
2    22.999  -22.912  -14.449    7.156   11.332  -93.056 
1    26.810  -17.985  -17.651  176.764   -0.838  -82.515 
2    23.031  -22.915  -14.408    7.117   11.212  -93.151 
1    19.866  -22.114  -14.689   94.147    5.010  -84.045 
2    23.036  -22.890  -14.424    7.101   11.168  -93.051 
1    15.506  -15.233  -28.061   19.593  -80.474    9.483 
2    23.045  -22.885  -14.434    7.179   11.174  -93.029 
1    27.388  -17.595  -21.788  160.747  -31.445  -98.253 
2    23.025  -22.898  -14.423    7.185   11.243  -93.084 
1    26.972  -12.237  -22.063 -151.484  -24.056   44.241 
2    23.037  -22.919  -14.408    7.137   11.227  -93.175 
1    27.016  -14.958  -23.511 -173.205  -28.746   61.795 
2    23.027  -22.924  -14.416    7.096   11.218  -93.186 

spiral begin

1    16.373  -15.068  -27.915   50.071  -79.961   48.371 
2    23.035  -22.910  -14.403    7.111   11.206  -93.179 
1    19.447  -15.026  -28.042  121.043  -81.632  -38.073 
2    23.075  -22.906  -14.385    7.102   11.074  -93.233 
1    17.887  -12.624  -27.677  -73.787  -79.152  168.774 
2    23.056  -22.903  -14.402    7.136   11.169  -93.215 
1    15.012  -12.610  -27.328  -32.543  -72.788  135.714 
2    23.082  -22.921  -14.380    7.176   11.058  -93.274 
1    13.436  -15.241  -27.223   20.063  -66.992   85.188 
2    23.081  -22.924  -14.381    7.129   11.083  -93.271 
1    15.190  -17.696  -27.156   69.764  -59.199   44.919 
2    23.075  -22.910  -14.414    7.135   11.120  -93.206 
1    18.023  -17.504  -27.522   91.126  -58.789   15.063 
2    23.063  -22.933  -14.376    7.050   11.063  -93.271 
1    20.955  -17.457  -27.290  108.312  -58.144   -8.900 
2    23.053  -22.926  -14.408    7.051   11.139  -93.203 
1    22.582  -14.986  -27.327  167.772  -71.486  -81.904 
2    23.056  -22.938  -14.389    7.036   11.108  -93.262 
1    20.791  -12.679  -27.414 -117.727  -71.763 -168.523 
2    23.072  -22.899  -14.403    7.193   11.120  -93.173 
1    19.527  -10.784  -26.501  -91.687  -63.555  176.969 
2    23.071  -22.915  -14.393    7.093   11.078  -93.221 
1    16.571  -10.878  -26.561  -74.204  -60.488  164.635 
2    23.074  -22.903  -14.397    7.169   11.093  -93.204 
1    12.381  -12.795  -26.088  -32.870  -56.020  139.588 
2    23.066  -22.926  -14.391    7.068   11.103  -93.250 
1    11.076  -15.187  -25.312    2.424  -43.620  127.229 
2    23.045  -22.892  -14.430    7.101   11.153  -93.078 
1    12.517  -17.590  -25.978   36.035  -47.550  102.936 
2    23.074  -22.894  -14.400    7.135   11.079  -93.154 
1    17.271  -19.244  -26.293   91.353  -49.551   14.185 
2    23.048  -22.911  -14.393    7.078   11.133  -93.196 
1    20.154  -19.146  -26.265  101.226  -44.021   -9.402 
2    23.059  -22.908  -14.395    7.081   11.090  -93.183 
1    23.803  -17.355  -26.373  150.555  -58.613  -96.732 
2    23.042  -22.912  -14.405    7.094   11.148  -93.150 
1    25.284  -14.903  -25.944 -175.666  -56.934 -111.631 
2    23.057  -22.904  -14.395    7.147   11.122  -93.169 

1    23.473  -12.449  -26.484 -135.981  -58.701  -64.014 
2    23.063  -22.889  -14.409    7.150   11.134  -93.138 
1    20.791   -9.185  -24.786  -99.192  -40.730  -54.656 
2    23.050  -22.914  -14.412    7.113   11.140  -93.167 
1    17.731   -9.165  -24.896  -85.264  -34.165  -57.320 
2    23.057  -23.007  -14.336    6.857   11.104  -93.676 
1    14.853   -9.566  -24.740  -63.379  -36.722  -63.408 
2    23.065  -22.928  -14.375    6.973   11.116  -93.421 
1    12.231  -10.814  -24.660  -44.628  -33.746  -66.560 
2    23.056  -22.944  -14.348    6.894   11.079  -93.466 
1    10.479  -12.952  -23.834  -16.419  -24.851  -62.398 
2    23.073  -22.931  -14.363    6.879   11.030  -93.428 
1     9.723  -15.351  -22.671    0.648  -13.870  -13.456 
2    23.081  -22.953  -14.343    6.830   10.978  -93.522 
1    10.549  -17.680  -23.652   19.363  -29.013  -69.025 
2    23.058  -22.910  -14.374    6.946   11.072  -93.359 
1    13.096  -19.659  -24.984   56.082  -39.135  -85.573 
2    23.092  -22.903  -14.372    6.946   10.987  -93.377 
1    15.731  -20.640  -24.772   81.466  -38.946  -13.311 
2    23.072  -22.927  -14.342    6.888   10.957  -93.432 
1    18.501  -21.077  -24.542   93.697  -31.223  -12.854 
2    23.051  -22.918  -14.383    6.955   11.127  -93.360 
1    21.438  -20.671  -24.471  108.561  -32.877    4.241 
2    23.049  -22.904  -14.392    6.945   11.111  -93.313 
1    24.003  -19.733  -24.269  125.731  -26.370   -3.969 
2    23.059  -22.899  -14.381    6.970   11.078  -93.344 
1    25.990  -17.339  -24.562  153.922  -26.136    0.925 
2    23.030  -22.895  -14.413    6.973   11.186  -93.255 
1    27.068  -14.672  -23.648  176.407  -22.935   -4.609 
2    23.046  -22.899  -14.409    6.998   11.137  -93.280 

1    25.703  -12.273  -24.681 -153.809  -38.399   32.387 
2    23.042  -22.927  -14.391    6.901   11.208  -93.397 
1    23.441  -10.056  -24.613 -113.282  -37.075  -19.634 
2    23.043  -22.931  -14.388    6.907   11.215  -93.435 
1    22.320   -8.480  -22.457 -111.301  -17.754  -41.772 
2    23.052  -22.942  -14.381    6.911   11.185  -93.491 
1    19.080   -8.037  -22.701  -95.513  -15.980  -58.556 
2    23.057  -22.989  -14.339    6.834   11.130  -93.682 
1    16.141   -8.047  -22.671  -83.089  -21.474  -70.679 
2    23.070  -22.936  -14.355    6.888   11.078  -93.483 
1    13.267   -8.914  -22.576  -68.953  -23.323  -71.945 
2    23.082  -22.918  -14.388    6.949   11.126  -93.414 
1    10.967  -10.620  -22.303  -34.893  -24.751 -141.982 
2    23.059  -22.932  -14.386    6.885   11.133  -93.400 
1     9.386  -12.554  -21.181  -14.595  -21.040 -141.603 
2    23.083  -22.921  -14.367    6.926   11.088  -93.453 
1     8.895  -15.122  -19.615    2.757  -12.447 -143.899 
2    23.078  -22.906  -14.387    6.954   11.067  -93.406 

1     9.547  -17.705  -20.901   25.786  -12.847  -63.717 
2    23.091  -22.922  -14.335    6.902   11.029  -93.489 
1    11.330  -19.780  -22.897   52.566  -24.211  -67.476 
2    23.050  -22.923  -14.360    6.878   11.144  -93.465 
1    13.800  -21.401  -22.754   73.595  -23.212  -72.027 
2    23.038  -22.930  -14.362    6.823   11.168  -93.415 
1    16.723  -22.097  -22.543   88.847  -16.764  -35.675 
2    23.053  -22.927  -14.364    6.873   11.130  -93.420 
1    19.813  -22.005  -22.315   99.671  -10.336  -11.378 
2    23.051  -22.916  -14.375    6.861   11.126  -93.351 
1    22.787  -21.269  -22.111  107.185   -6.516   -3.248 
2    23.035  -22.889  -14.389    6.927   11.206  -93.305 
1    25.437  -19.997  -22.017  126.652   -5.022   12.812 
2    23.051  -22.926  -14.362    6.907   11.151  -93.433 
1    27.499  -17.299  -22.008  160.518  -21.363    4.056 
2    23.055  -22.938  -14.353    6.837   11.131  -93.472 
1    27.214  -12.106  -22.061 -154.615  -16.860   32.177 
2    23.060  -22.923  -14.376    6.905   11.163  -93.444 

1    25.023   -9.844  -22.370 -126.595  -14.753   31.611 
2    23.114  -22.928  -14.317    6.945   10.977  -93.555 
1    23.380   -8.670  -20.056 -116.882   -7.935   -1.868 
2    23.059  -22.969  -14.360    6.852   11.144  -93.568 
1    20.531   -7.727  -20.206  -97.223    2.009  -15.714 
2    23.078  -22.920  -14.373    6.949   11.130  -93.474 
1    17.606   -7.631  -20.276  -78.332   -9.490 -101.036 
2    23.057  -23.051  -14.331    6.765   11.192  -93.871 
1    14.494   -7.977  -20.279  -67.850   -6.708  -98.880 
2    23.066  -22.969  -14.361    6.844   11.131  -93.574 
1    11.640   -9.316  -20.097  -50.857  -10.580 -102.003 
2    23.088  -22.973  -14.340    6.798   11.000  -93.617 
1     9.030  -12.667  -18.342   -5.513   -9.600 -150.162 
2    23.103  -22.937  -14.368    6.811   10.961  -93.517 
1     8.948  -15.166  -16.615   -1.242    3.517 -155.743 
2    23.071  -22.959  -14.341    6.804   11.041  -93.589

1     9.215  -17.757  -17.882   26.937   -2.213  -42.401 
2    23.055  -22.936  -14.354    6.804   11.054  -93.466 
1    10.818  -20.126  -18.279   51.133    1.255  -42.670 
2    23.067  -22.956  -14.339    6.709   10.965  -93.495 
1    11.895  -21.051  -20.463   59.120   -9.852  -53.901 
2    23.057  -22.917  -14.371    6.845   11.084  -93.371 
1    14.796  -22.303  -20.256   79.256   -3.436  -53.379 
2    23.038  -22.930  -14.375    6.774   11.122  -93.401 
1    17.913  -22.502  -20.095   91.963   -0.417  -52.341 
2    23.041  -22.910  -14.400    6.878   11.194  -93.336 
1    21.134  -21.984  -19.723  101.929    0.638  -49.391 
2    23.043  -22.928  -14.364    6.797   11.136  -93.428 
1    23.885  -21.059  -19.560  115.069   -1.145  -46.066 
2    23.030  -22.888  -14.387    6.901   11.167  -93.269 

1    21.966   -8.061  -17.757 -106.784    4.097   51.397 
2    23.045  -22.922  -14.389    6.892   11.182  -93.377 
1    19.208   -7.639  -17.886 -101.316    3.863   65.305 
2    23.070  -22.956  -14.339    6.896   11.102  -93.576 
1    15.888   -7.725  -17.935  -90.395    3.457   69.353 
2    23.057  -22.997  -14.326    6.804   11.151  -93.713 
1    12.904   -8.545  -17.823  -80.156    5.347   77.502 
2    23.055  -22.951  -14.367    6.882   11.173  -93.511 
1    10.661  -10.240  -17.783  -35.822   -3.841  -11.297 
2    23.081  -22.948  -14.368    6.807   11.043  -93.492 
1     9.622  -12.562  -15.412  -11.320   13.129  -21.450 
2    23.180  -23.008  -14.306    6.695   10.682  -93.830 
1     9.864  -14.944  -13.931    0.324   33.867  -21.413 
2    23.084  -22.941  -14.350    6.824   11.018  -93.516

1     9.640  -17.610  -15.113   30.452   12.507  -35.160 
2    23.092  -22.930  -14.338    6.855   11.004  -93.495 
1    11.691  -20.280  -15.592   54.746   13.499  -35.462 
2    23.065  -22.950  -14.348    6.759   11.046  -93.510 
1    13.216  -21.761  -17.966   71.518   10.090  -37.625 
2    23.060  -22.916  -14.386    6.873   11.110  -93.371 
1    16.234  -22.357  -17.788   89.448    5.145  -46.655 
2    23.068  -22.887  -14.397    6.995   11.153  -93.304 
1    19.597  -22.261  -17.387   99.780    4.060  -55.254 
2    23.042  -22.898  -14.385    6.866   11.158  -93.317 
1    22.434  -21.616  -17.055  104.109    2.920  -51.997 
2    23.047  -22.915  -14.371    6.824   11.093  -93.354 

1    14.226   -8.291  -15.521  -71.347   19.139   17.537 
2    23.062  -22.976  -14.340    6.805   11.090  -93.614 
1    11.819   -9.746  -15.372  -53.717    6.133   23.687 
2    23.076  -22.993  -14.328    6.811   11.073  -93.718 
1    11.169  -12.184  -13.013  -18.128   30.441  -32.993 
2    23.112  -22.967  -14.323    6.727   10.872  -93.632 
1    11.091  -17.519  -12.774   20.022   26.583  -47.827 
2    23.113  -22.925  -14.350    6.856   10.919  -93.514 
1    14.157  -21.712  -15.411   73.069    6.222 -178.356 
2    23.081  -22.914  -14.361    6.894   11.078  -93.450 












