skull

37

38
*
1    28.238  -16.262  -45.938  -75.770    6.986  -66.713 
2    26.178  -15.366  -48.676 -161.059   14.707  -87.208 
1    20.268  -24.685  -50.282    3.919   -6.438   41.871 
2    26.260  -15.169  -48.534 -160.949   14.929  -86.994 
1    17.639  -24.593  -46.819   -2.969    1.636   15.410 
2    26.175  -15.190  -48.529 -161.127   15.269  -87.004 
1    21.303  -20.518  -50.302   -7.935    8.794   31.697 
2    26.427  -15.068  -48.525 -161.007   16.065  -87.198 
1    22.449  -27.952  -49.803    0.450   -1.093   33.214 
2    26.448  -15.252  -48.493 -160.889   16.061  -86.841 
1    29.525  -30.608  -45.943   97.020    4.652  -71.245 
2    26.451  -14.972  -48.324 -161.191   15.927  -87.228 
1    26.889  -30.145  -51.957   72.752    0.033  -81.450 
2    26.223  -14.833  -48.372 -161.253   15.414  -87.562 
1    22.829  -27.457  -54.605   39.249  -14.625  -82.513 
2    26.147  -15.031  -48.438 -161.111   15.525  -87.344
1    22.640  -24.662  -56.395   16.108  -15.380  -68.243 
2    26.410  -14.776  -48.441 -161.249   16.026  -87.593 
1    21.966  -21.740  -55.041   -7.596  -15.026  -56.090 
2    26.296  -15.062  -48.373 -161.275   15.686  -87.225 
1    25.849  -17.438  -52.395  -62.236  -20.034    5.493 
2    26.174  -15.041  -48.442 -160.924   15.619  -87.486 
1    34.415  -23.159  -60.504  131.313  -62.938 -102.819 
2    26.220  -14.834  -48.538 -160.948   15.630  -87.726
1    40.313  -19.587  -47.647 -165.370   19.588  -15.853 
2    26.051  -14.983  -48.339 -160.881   15.263  -87.723 
1    41.023  -22.612  -48.777 -175.609   11.691   -2.817 
2    26.046  -15.000  -48.346 -160.881   15.224  -87.683 
1    40.435  -24.921  -47.916  179.213   14.532   -2.299 
2    25.843  -15.050  -48.324 -161.304   14.628  -87.801 
*

1    28.095  -16.014  -45.043  -77.667    6.096    5.555 
2    26.037  -15.344  -48.263 -161.083   14.905  -87.320 
1    19.982  -24.318  -50.133    0.318   -8.120   49.485 
2    25.956  -15.105  -48.277 -160.853   14.891  -87.533 
1    17.516  -24.411  -46.709   -0.045    1.408   41.155 
2    25.940  -14.913  -48.318 -160.934   15.386  -88.041 
1    21.035  -20.367  -50.096   -9.985    7.103   32.289 
2    26.030  -15.103  -48.240 -160.980   15.627  -87.645 
1    22.187  -27.310  -49.774    6.526    1.078   39.455 
2    26.071  -14.922  -48.355 -161.240   15.615  -87.807 
1    29.922  -30.642  -45.736   97.155    5.488  -43.572 
2    25.938  -14.567  -48.237 -161.617   15.215  -88.531 
1    26.595  -30.383  -51.691   77.398   -3.206  -83.243 
2    25.988  -14.980  -48.066 -160.990   15.138  -87.908 
1    22.574  -27.348  -54.438   33.922  -16.431  -78.824 
2    26.029  -14.818  -48.138 -161.038   15.532  -88.022 
1    22.175  -23.996  -56.501   18.120  -23.886  -75.747 
2    26.011  -14.695  -48.274 -161.459   15.361  -88.306 
1    21.545  -21.265  -54.599   -1.438  -15.391  -64.802 
2    25.986  -14.715  -48.166 -161.313   15.431  -88.292 
1    25.319  -17.312  -52.288  -53.754  -11.476   27.946 
2    25.930  -14.935  -48.212 -160.713   15.127  -88.100 
1    34.252  -22.759  -60.254  125.915  -63.984 -112.831 
2    25.958  -14.666  -48.236 -161.282   15.264  -88.513 
1    39.831  -19.795  -47.777 -166.667   19.223   17.849 
2    25.814  -14.992  -48.146 -160.472   14.738  -88.124 
1    40.405  -22.488  -49.208 -175.086   13.435   21.402 
2    25.758  -15.019  -48.179 -160.801   14.502  -88.030 
1    40.311  -25.012  -47.853  178.107   14.165   12.718 
2    25.588  -14.817  -48.156 -160.708   14.105  -88.587 

*
1    28.004  -16.143  -45.804  -72.280    6.254  -39.684 
2    25.694  -15.406  -48.021 -163.762  -12.121  -88.230 
1    19.320  -24.296  -49.392   -0.734   -7.260   71.806 
2    25.553  -15.346  -47.997 -163.546  -12.572  -87.759 
1    17.101  -23.987  -45.947   -4.358    4.917   23.217 
2    25.530  -15.279  -47.999 -163.105  -12.410  -88.156 
1    20.584  -20.572  -49.643   -7.616    6.649   26.737 
2    25.572  -15.181  -47.990 -162.865  -12.154  -88.252 
1    21.177  -27.703  -49.258    3.103    2.976   29.670 
2    25.612  -15.153  -47.985 -162.822  -12.041  -88.170 
1    28.466  -30.961  -45.681   99.857    6.359  -45.028 
2    25.457  -14.987  -47.880 -163.185  -12.596  -88.440
1    25.166  -30.609  -50.919   74.625    0.909  -69.376 
2    25.470  -15.082  -47.875 -162.774  -13.055  -88.683  
1    20.861  -27.510  -53.212   34.839  -24.610  107.271 
2    25.466  -15.124  -47.948 -162.800  -12.666  -88.591
1    20.876  -24.904  -55.483    6.053  -33.156  113.967 
2    25.508  -15.215  -47.948 -163.170  -12.687  -88.307 
1    20.793  -21.326  -53.793  -16.672  -24.079  136.773 
2    25.482  -15.244  -47.873 -162.763  -12.628  -88.414
1    24.843  -17.399  -51.865  -63.724   -8.519   29.601 
2    25.282  -15.251  -47.811 -162.426  -13.432  -88.980
1    32.197  -24.232  -60.614  135.816  -82.697   43.739 
2    25.394  -15.182  -47.923 -163.184  -12.848  -88.548 
1    39.508  -20.693  -48.257 -167.688   11.014    2.137 
2    25.316  -15.033  -47.899 -162.638  -13.065  -88.767 
1    39.948  -24.008  -49.397 -177.560   10.307    2.450 
2    25.370  -15.033  -47.836 -162.682  -13.021  -88.862 
1    39.308  -25.853  -48.504  175.792   10.564    0.306 
2    25.257  -15.112  -47.873 -162.773  -13.305  -88.943 
