34

37

*
1    14.889   -6.968  -15.338  -77.634    8.471  -68.756 
2    13.717   -6.424  -16.717 -157.976  -16.564  -91.319 
1    11.789   -9.802  -16.594   -4.212   -2.455   62.477 
2    13.609   -6.219  -16.587 -157.863  -17.199  -92.558 
1    11.066   -9.661  -14.992   -9.519    0.372   52.630 
2    13.616   -6.204  -16.577 -157.840  -17.600  -92.734 
1    11.869   -8.267  -16.537  -12.134   10.373   54.958 
2    13.635   -6.189  -16.573 -158.275  -16.904  -92.978 
1    11.890  -10.924  -16.648   -8.116    8.883   57.907 
2    13.632   -6.203  -16.573 -157.892  -17.048  -93.022 
1    14.888  -12.635  -15.338   92.506    6.825  -53.880 
2    13.706   -6.029  -16.571 -157.866  -16.430  -93.101 
1    13.541  -12.180  -17.477   60.237  -11.857  -39.717 
2    13.660   -6.117  -16.550 -158.020  -16.867  -93.078 
1    12.138  -10.690  -18.045   32.101  -21.305  -40.266 
2    13.683   -6.157  -16.581 -158.052  -16.580  -92.729
1    12.248   -9.470  -18.695    9.200  -21.412  -32.298 
2    13.798   -6.174  -16.547 -157.900  -16.053  -92.205 
1    12.126   -8.506  -18.149   -9.685  -14.432  -11.155 
2    13.763   -6.167  -16.610 -157.746  -16.107  -92.353 
1    13.634   -6.854  -17.423  -50.020  -16.081  -15.262 
2    13.638   -6.131  -16.586 -157.674  -16.926  -92.607 
1    16.388   -9.366  -20.707  130.503  -74.458 -120.678 
2    13.644   -6.116  -16.574 -157.749  -16.903  -93.018 
1    18.923   -8.613  -16.204 -170.984   20.670    7.818 
2    13.593   -6.077  -16.541 -157.219  -17.212  -93.332 
1    19.161   -9.704  -16.680 -177.025   11.898   15.552 
2    13.630   -6.126  -16.516 -157.543  -17.215  -92.923 
1    18.830  -10.632  -16.357  175.072   11.923   17.417 
2    13.599   -6.116  -16.519 -157.526  -17.555  -93.258 
*
1    14.893   -6.705  -14.809  -80.181    8.120  -73.586 
2    13.763   -6.070  -16.533 -157.319  -15.815  -93.043 
1    11.984   -9.387  -16.572   -6.413   -1.560   52.760 
2    13.770   -6.047  -16.539 -157.582  -15.647  -92.958 
1    11.115   -9.572  -15.094  -13.769    1.910   29.784 
2    13.728   -6.028  -16.540 -157.365  -15.691  -93.420 
1    12.133   -8.062  -16.565   -9.694    5.187   33.756 
2    13.742   -6.114  -16.515 -157.599  -15.756  -92.923 
1    12.025  -10.914  -16.543   -8.476    0.816   36.816 
2    13.771   -6.024  -16.513 -157.184  -15.520  -93.328 
1    14.905  -12.295  -15.250   93.117    5.138  -49.767 
2    13.735   -6.008  -16.426 -157.683  -15.784  -93.182 
1    13.654  -12.256  -17.447   68.577  -12.050  -66.733 
2    13.623   -6.238  -16.623 -156.998  -16.562  -92.276
1    12.152  -10.807  -18.239   32.181  -15.712  -49.924 
2    13.672   -6.174  -16.590 -156.776  -16.335  -92.422 
1    12.186   -9.555  -18.730    5.339  -18.954  -47.811 
2    13.662   -6.154  -16.594 -156.764  -16.476  -92.327 
1    12.084   -8.501  -18.069  -11.935  -15.462  -35.167 
2    13.655   -6.231  -16.591 -156.981  -16.369  -92.235 
1    13.625   -6.932  -17.450  -45.356  -15.165    8.029 
2    13.681   -6.248  -16.544 -156.887  -16.320  -91.828 
1    16.566   -9.605  -20.710  118.017  -75.708 -107.983 
2    13.696   -6.199  -16.594 -156.823  -16.245  -91.888 
1    18.992   -8.619  -16.167 -168.242   17.372   -5.722 
2    13.685   -6.271  -16.577 -157.121  -16.243  -91.860 
1    19.167   -9.527  -16.797 -174.591   12.080    4.024 
2    13.716   -6.216  -16.589 -157.141  -15.936  -92.101 
1    19.043  -10.771  -16.222  176.789   14.443    2.774 
2    13.700   -6.228  -16.621 -156.985  -16.167  -92.007 

*
1    14.811   -6.669  -15.169  -75.679   14.929  -63.670 
2    13.736   -6.111  -16.871 -158.868    2.336  -89.927 
1    12.097   -9.447  -16.953   -4.471   -6.401   46.172 
2    13.747   -5.829  -16.792 -159.010    2.665  -91.234 
1    11.119   -9.502  -15.519  -10.005    1.956   25.073 
2    13.745   -5.938  -16.838 -159.194    2.904  -90.559 
1    12.090   -8.159  -16.834  -10.837    6.223   27.314 
2    13.753   -5.955  -16.826 -159.354    2.848  -90.626 
1    12.180  -10.826  -16.934   -8.740    3.071   25.873 
2    13.697   -6.064  -16.817 -159.279    2.196  -90.164 
1    14.954  -12.422  -15.476   91.739   11.809  -45.252 
2    13.750   -5.994  -16.820 -159.378    2.605  -89.886 
1    13.901  -12.329  -17.622   70.182   -4.120  -68.156 
2    13.752   -6.161  -16.873 -158.621    2.703  -88.993 
1    12.442  -10.926  -18.533   24.607  -14.940  -62.316 
2    13.739   -6.107  -16.897 -158.594    2.639  -89.207 
1    12.519   -9.680  -19.050    8.141  -23.499  -62.599 
2    13.720   -6.080  -16.853 -158.735    2.419  -89.514 
1    12.315   -8.596  -18.630   -7.055  -18.621  -48.671 
2    13.796   -6.080  -16.845 -158.683    2.988  -89.321 
1    13.797   -6.961  -17.782  -41.509  -16.769  -45.028 
2    13.675   -6.163  -16.895 -158.214    2.011  -88.735 
1    16.946   -9.363  -20.765  115.281  -70.538 -132.832 
2    13.693   -6.167  -16.892 -158.467    2.319  -88.857 
1    18.981   -8.504  -15.950 -176.472   21.616    2.307 
2    13.579   -6.164  -16.876 -158.410    1.345  -89.307 
1    19.296   -9.454  -16.455  179.210   16.546    1.003 
2    13.778   -6.083  -16.829 -158.803    2.760  -89.264 
1    19.194  -10.565  -15.851  176.491   14.672    6.134 
2    13.759   -6.084  -16.881 -158.863    2.424  -89.260 