33
34

*
1    31.731  -19.144  -37.832  -87.418   21.313  -75.974 
2    29.057  -17.728  -40.741 -156.016    1.875  -94.545 
1    24.557  -25.487  -41.320   -8.257   -1.304   76.707 
2    29.091  -17.314  -40.627 -155.690    2.366  -94.762 
1    22.193  -25.279  -38.067  -27.364    0.270   47.997 
2    29.009  -17.265  -40.582 -156.011    1.480  -95.504 
1    25.387  -22.407  -40.878  -20.603   17.821   44.374 
2    29.058  -17.354  -40.604 -155.984    2.509  -95.016 
1    25.811  -28.013  -41.179   -7.025    5.735   56.307 
2    29.122  -17.222  -40.719 -156.376    2.601  -94.814 
1    32.534  -31.629  -37.964   92.708   17.638  -63.475 
2    28.970  -17.153  -40.456 -156.561    2.556  -95.488 
1    29.461  -31.144  -43.259   80.534    7.674  -71.300 
2    29.063  -17.213  -40.498 -156.453    2.868  -95.230 
1    25.336  -27.940  -44.920   45.381   -4.717  -65.857 
2    29.199  -17.230  -40.502 -156.754    2.912  -94.960 
1    24.703  -25.343  -46.848   29.264   -8.735  -69.186 
2    29.157  -17.151  -40.531 -156.303    2.911  -95.352 
1    24.691  -22.482  -45.062   16.667   -6.181  -60.982 
2    29.027  -17.215  -40.542 -156.321    2.650  -95.470 
1    28.965  -18.812  -43.515  -66.629   15.697   35.846 
2    29.100  -17.451  -40.589 -156.472    2.586  -94.677 
1    35.980  -24.409  -52.163 -171.359  -40.084 -104.579 
2    29.024  -17.413  -40.493 -156.881    2.604  -95.122 
1    42.518  -22.758  -40.109 -162.018   23.536  -68.236 
2    28.917  -17.401  -40.479 -156.689    2.427  -95.368 
1    42.891  -24.787  -41.936 -165.722   21.504  -68.197 
2    29.065  -17.222  -40.416 -156.987    2.687  -95.488 
1    43.159  -27.178  -40.437 -167.013   21.878  -65.434 
2    29.020  -17.173  -40.423 -156.962    2.280  -95.893 

*

1    31.990  -18.283  -37.219  -84.497   25.235  -78.129 
2    28.996  -17.188  -40.270 -157.497    2.968  -95.964 
1    23.904  -24.952  -41.195  -21.065    7.408   62.735 
2    28.917  -17.154  -40.158 -157.637    3.020  -95.892 
1    21.665  -24.968  -37.991  -38.213   14.779   19.402 
2    28.677  -17.012  -40.134 -156.858    1.961  -97.168 
1    25.077  -21.758  -41.127  -23.442   18.485   46.569 
2    29.086  -17.172  -40.292 -157.394    3.651  -95.290 
1    25.523  -27.810  -41.213  -10.035    6.804   54.423 
2    29.219  -17.125  -40.317 -157.560    4.036  -95.156 
1    31.955  -31.149  -38.270   95.424   17.620  -51.124 
2    28.913  -16.723  -40.047 -157.404    3.387  -96.863 
1    28.952  -30.684  -43.408   76.866    7.677  -54.816 
2    28.964  -16.855  -40.156 -157.316    3.360  -96.449 
1    24.647  -27.490  -44.799   47.341    5.538  -65.170 
2    28.871  -16.977  -40.150 -157.132    3.134  -96.548 
1    24.456  -24.809  -46.862   34.886    0.620  -62.962 
2    28.960  -16.988  -40.150 -157.077    3.373  -96.309 
1    24.032  -22.031  -44.770   21.361    4.167  -61.051 
2    28.947  -16.828  -40.175 -157.077    3.242  -96.645 
1    28.519  -18.550  -43.286  -66.969   10.324   30.856 
2    28.883  -17.046  -40.252 -156.077    3.260  -95.759 
1    35.404  -24.388  -51.843 -167.256  -32.762  -98.556 
2    28.861  -16.989  -40.179 -156.427    3.338  -96.276 
1    42.623  -21.782  -40.068 -163.550   26.543  -50.197 
2    28.884  -17.023  -40.126 -156.491    3.214  -96.275 
1    42.670  -24.523  -41.872 -168.953   30.317  -50.226 
2    28.665  -16.876  -40.149 -156.262    2.963  -96.949 
1    42.545  -27.427  -40.218 -165.125   29.307  -42.866 
2    28.572  -16.990  -40.065 -156.530    2.646  -96.838 

*

1    31.248  -18.394  -37.050  -81.572   28.662  -66.163 
2    28.196  -17.539  -39.881 -153.011   -1.849  -95.152 
1    24.011  -25.192  -40.782  -10.370    2.790   73.783 
2    28.243  -17.340  -39.844 -152.161   -1.683  -94.927 
1    22.090  -25.274  -37.805  -36.637   15.586   38.465 
2    28.354  -17.553  -39.797 -151.885   -0.980  -94.985 
1    25.338  -22.059  -40.431  -33.184   19.643   50.258 
2    28.595  -17.397  -39.784 -151.932   -0.499  -94.621 
1    25.726  -28.218  -40.771   -8.665    8.572   59.103 
2    28.660  -17.325  -39.887 -151.705   -0.074  -94.747 
1    32.724  -31.109  -37.978   97.458   21.640  -57.950 
2    28.496  -17.016  -39.669 -152.308   -0.619  -95.515 
1    29.810  -30.727  -43.039   85.670   18.560  -77.204 
2    28.518  -17.189  -39.766 -152.559   -0.983  -95.146 
1    25.304  -28.057  -44.347   49.888   11.396  -66.439 
2    28.391  -17.348  -39.739 -152.137   -0.986  -95.125 
1    24.769  -25.588  -46.232   43.273   12.371  -66.890 
2    28.512  -17.274  -39.780 -152.012   -0.994  -94.928 
1    24.553  -22.616  -44.276   31.886   11.397  -65.299 
2    28.472  -17.393  -39.667 -151.859   -1.017  -94.858 
1    28.435  -18.886  -42.742  -69.371   12.017   32.349 
2    28.512  -17.342  -39.728 -152.357   -1.070  -94.298 

1    35.440  -24.126  -51.798  173.694  -46.425 -109.721 
2    28.280  -17.349  -39.730 -151.713   -1.533  -94.937 
1    42.129  -21.438  -39.559 -151.347   19.893  -54.585 
2    28.111  -17.461  -39.623 -151.754   -1.856  -94.920 
1    43.044  -23.800  -41.046 -155.824   22.571  -54.009 
2    28.100  -17.333  -39.700 -151.827   -1.902  -95.173 
1    42.613  -26.725  -39.967 -158.322   20.857  -52.494 
2    27.789  -17.494  -39.577 -151.590   -2.721  -95.795 

