37
37
*


1    29.571  -19.744  -47.828  -83.526   17.946  -59.293 
2    26.764  -18.776  -50.871 -159.285    6.713  -89.068 
1    20.646  -27.515  -51.036   -6.239   -5.292   50.354 
2    26.910  -18.698  -50.833 -159.807    6.875  -89.087 
1    17.816  -27.080  -47.005  -12.607   -2.770   42.206 
2    26.728  -18.788  -50.799 -160.162    6.685  -89.539 
1    21.298  -23.449  -50.381  -20.163    5.826   37.405 
2    26.862  -18.580  -50.795 -160.008    6.705  -89.537 
1    21.589  -30.721  -50.319   -1.377    0.008   41.572 
2    26.661  -18.994  -50.781 -160.228    5.840  -88.986 
1    29.489  -34.703  -47.639   89.189   15.340  -66.200 
2    26.804  -18.560  -50.602 -160.595    6.523  -90.244 
1    26.661  -33.985  -53.393   70.896    2.945  -83.463 
2    26.922  -18.620  -50.715 -160.308    6.583  -90.033 
1    22.599  -30.689  -56.553   35.144  -15.472  -88.130 
2    26.807  -18.661  -50.794 -160.091    6.538  -89.980 
1    22.612  -28.262  -58.312   11.758  -28.521  -84.525 
2    26.644  -18.745  -50.837 -160.272    6.172  -90.017 
1    22.303  -24.808  -57.028  -12.814  -20.912  -68.306 
2    26.733  -18.760  -50.791 -160.020    6.203  -89.790 
1    26.247  -20.558  -54.405  -68.772   -2.479   26.532 
2    26.805  -18.689  -50.833 -159.915    6.266  -89.833 
1    35.207  -27.395  -61.083  178.777  -45.986  -96.440 
2    26.845  -18.783  -50.797 -160.100    6.307  -89.624 
1    40.457  -24.598  -48.230 -157.477   36.021  -67.179 
2    27.022  -18.675  -50.849 -159.571    6.741  -89.738 
1    41.164  -27.364  -49.503 -166.073   30.519  -76.937 
2    26.911  -19.098  -50.731 -160.062    6.161  -89.101 
1    40.620  -29.819  -48.210 -174.626   34.217  -74.749 
2    26.978  -18.737  -50.756 -159.943    6.531  -89.728 



*

1    29.108  -20.257  -47.704  -84.529   18.947  -64.573 
2    26.557  -19.261  -50.901 -158.888    5.745  -88.488 
1    20.503  -27.996  -50.462  -11.363   -1.817   76.019 
2    26.570  -19.045  -50.876 -158.990    5.761  -89.033 
1    17.773  -27.486  -46.972  -16.391    2.006   50.816 
2    26.684  -19.205  -50.799 -159.371    5.679  -88.640 
1    21.576  -23.930  -49.953  -18.325    5.056   59.352 
2    26.522  -19.087  -50.851 -159.340    5.690  -89.027 
1    21.391  -31.533  -50.025   -9.130   -0.238   53.685 
2    26.735  -19.063  -50.896 -158.838    6.215  -88.811 
1    29.407  -34.768  -47.769   89.006   17.032  -71.102 
2    26.738  -18.745  -50.686 -159.851    6.226  -89.952 
1    26.686  -34.234  -53.415   82.148   10.671  -80.963 
2    26.680  -18.993  -50.748 -159.658    5.857  -89.369 
1    22.472  -30.791  -56.717   35.149  -14.102  -82.766 
2    26.858  -18.848  -50.733 -159.437    6.320  -89.537 
1    22.902  -28.128  -58.428   24.351  -21.530  -82.007 
2    26.623  -19.072  -50.775 -159.640    5.976  -89.509 
1    22.475  -24.753  -57.115    5.726  -17.845  -67.793 
2    26.861  -19.224  -50.677 -159.307    6.239  -89.041 
1    26.026  -20.614  -54.635  -70.819   11.044   10.940 
2    26.668  -19.012  -50.783 -159.544    5.998  -89.563 
1    34.956  -27.529  -61.628 -171.652  -59.226 -105.809 
2    26.584  -18.979  -50.758 -159.728    5.479  -89.658 
1    40.494  -24.478  -48.185 -156.762   26.715  -71.606 
2    26.703  -18.864  -50.735 -159.475    5.855  -89.775 
1    40.757  -27.404  -49.619 -166.837   22.361  -77.406 
2    26.544  -19.396  -50.669 -159.938    5.251  -89.124 
1    40.275  -30.318  -48.362 -167.745   22.492  -76.189 
2    26.574  -18.829  -50.724 -159.427    5.368  -90.095 

*

1    29.097  -20.232  -47.789  -78.518   18.489  -36.451 
2    26.205  -19.874  -51.688 -157.923   -5.056  -86.845 
1    20.184  -28.134  -50.444  -11.903   -3.472   57.386 
2    25.870  -19.721  -51.622 -157.866   -5.691  -86.977 
1    17.495  -27.739  -46.715  -15.612    3.955   55.227 
2    25.792  -19.754  -51.620 -158.085   -5.813  -86.983 

1    21.141  -24.933  -49.716   -4.226    2.566   63.060 
2    25.761  -19.618  -51.579 -158.134   -5.677  -87.286

1    21.141  -31.335  -49.716   -4.226    2.566   63.060 
2    25.761  -19.618  -51.579 -158.134   -5.677  -87.286 
1    29.498  -35.387  -47.071   89.299   16.874  -59.600 
2    25.663  -19.837  -51.431 -158.436   -6.136  -86.984 
1    26.035  -35.242  -53.062   82.979   15.976  -66.834 
2    25.712  -19.732  -51.443 -158.227   -6.057  -87.291 
1    21.657  -32.126  -56.054   49.984   -5.502  -89.473 
2    25.429  -19.480  -51.650 -158.247   -6.374  -87.873 
1    21.911  -29.312  -58.623   37.774  -17.388  -87.030 
2    25.579  -19.768  -51.567 -158.544   -6.240  -87.297 
1    21.676  -25.719  -56.913   22.005  -22.556  -68.870 
2    25.600  -19.787  -51.617 -158.268   -6.330  -87.564 
1    25.156  -21.319  -54.470  -63.324  -17.590   82.059 
2    25.600  -19.753  -51.600 -158.293   -6.313  -87.495 
1    34.801  -28.373  -61.183  144.542  -49.775 -120.293 
2    25.530  -19.711  -51.575 -158.015   -6.442  -87.727 
1    38.712  -24.952  -48.291 -167.355   24.055  -21.945 
2    25.425  -19.844  -51.525 -158.221   -6.951  -87.692 
1    40.328  -27.500  -49.271 -165.729   25.732  -15.877 
2    25.560  -19.644  -51.495 -157.990   -7.001  -87.763 
1    39.515  -29.958  -48.584 -167.037   24.163  -16.851 
2    25.360  -19.644  -51.534 -158.347   -7.471  -88.127 