sizes:
37

38
*
1    11.317   -7.332  -17.553  -79.991   15.390  -38.211 
2     9.835   -6.799  -18.670 -156.916  -18.092  -98.192 
1     7.603   -9.929  -18.277   -2.199   -0.703   69.439 
2     9.734   -6.753  -18.577 -157.019  -19.436  -98.654 
1     6.882   -9.815  -16.414   -8.923    3.357   59.256 
2     9.596   -6.779  -18.548 -156.936  -19.818  -99.059 
1     7.959   -8.618  -17.879  -14.231   13.044   56.827 
2     9.596   -6.738  -18.463 -156.522  -20.196  -99.805 
1     7.759  -11.183  -17.879   -0.416   13.536   64.115 
2     9.563   -6.703  -18.452 -156.532  -20.293  -99.930 
1    10.651  -12.811  -17.484   92.846    9.168  -50.552 
2     9.431   -6.693  -18.394 -157.224  -21.407 -100.065 
1     8.828  -12.561  -19.476   75.291    5.340  -73.997 
2     9.398   -6.701  -18.401 -156.689  -21.226 -100.369 
1     6.965  -11.276  -20.251   41.998   -1.860  -76.448 
2     9.354   -6.733  -18.387 -156.871  -21.605 -100.164 
1     6.910   -9.955  -21.027   11.144  -15.167  -78.885 
2     9.444   -6.687  -18.398 -156.662  -21.099 -100.167 
1     7.126   -8.809  -20.433  -19.666  -14.960  -64.344 
2     9.484   -6.708  -18.382 -156.526  -20.815  -99.980

1     8.828  -7.561  -19.476   75.291    5.340  -73.997 
2     9.398   -6.701  -18.401 -156.689  -21.226 -100.369 

1    11.384  -10.225  -23.282  102.563  -70.798  -85.448 
2     9.327   -6.702  -18.372 -156.563  -21.680 -100.191 
1    14.662   -9.346  -18.832 -165.693   16.012   -0.479 
2     9.279   -6.701  -18.357 -156.732  -22.101 -100.343 
1    14.850  -10.263  -19.478 -174.033   13.099   -8.088 
2     9.344   -6.727  -18.329 -156.776  -21.710  -99.978 
1    14.579  -11.457  -18.852  178.403   13.138   -9.608 
2     9.331   -6.692  -18.327 -156.618  -21.949 -100.147 

*

1    10.986   -7.125  -17.404  -84.389    7.811  -77.589 
2     9.316   -6.719  -18.375 -157.387  -21.057  -99.581 
1     7.090   -9.775  -17.998  -14.615    3.820   33.124 
2     9.308   -6.669  -18.417 -156.538  -21.316  -99.659 
1     6.490   -9.688  -16.441  -22.157    8.329   18.186 
2     9.321   -6.665  -18.443 -156.734  -20.661  -99.371 
1     7.751   -8.504  -17.798  -22.763   10.585   18.693 
2     9.387   -6.633  -18.419 -156.379  -20.722 -100.155 
1     7.533  -11.137  -17.796  -13.591   12.357   16.844 
2     9.398   -6.628  -18.392 -156.320  -20.757 -100.141 
1    10.615  -12.790  -17.365   95.602   11.747  -34.620 
2     9.437   -6.622  -18.425 -156.592  -20.314  -99.505 
1     8.922  -12.623  -19.482   70.542    9.737  -70.503 
2     9.404   -6.619  -18.459 -156.934  -20.250  -99.502 
1     7.070  -11.332  -20.257   31.497   -0.817  -77.789 
2     9.343   -6.654  -18.463 -157.087  -20.587  -99.446 
1     6.911  -10.011  -21.224    8.184  -15.613  -77.100 
2     9.426   -6.622  -18.434 -156.632  -20.266  -99.418 
1     7.075   -8.731  -20.561  -17.451  -10.599  -61.815 
2     9.387   -6.633  -18.452 -156.776  -20.348  -99.467 
1     9.025   -7.327  -19.794  -75.311  -11.132   80.132 
2     9.447   -6.660  -18.468 -155.977  -19.828  -99.386 
1    11.731  -10.072  -23.431  118.743  -78.500  -96.614 
2     9.429   -6.661  -18.461 -156.198  -20.125  -99.184 
1    14.732   -9.416  -18.728 -159.384   17.252    5.384 
2     9.376   -6.603  -18.469 -155.696  -20.104  -99.745 
1    14.949  -10.469  -19.326 -171.122   14.034    2.368 
2     9.421   -6.601  -18.478 -155.777  -19.894  -99.701 
1    14.597  -11.320  -18.934 -174.948   13.223   -2.671 
2     9.440   -6.658  -18.422 -156.117  -19.974  -99.303 

*

1    10.816   -6.953  -17.613  -84.785   13.941  -74.898 
2     9.583   -6.412  -19.046 -160.729   -8.659  -95.050 
1     7.296   -9.572  -18.461   -8.119   -1.503   45.130 
2     9.640   -6.294  -18.980 -160.749   -8.730  -95.231 
1     6.649   -9.534  -16.645  -15.616    5.384   33.376 
2     9.456   -6.316  -18.960 -160.662   -9.461  -95.772 
1     7.611   -8.195  -18.045  -19.813   15.645   34.851 
2     9.417   -6.371  -18.831 -160.432  -10.684  -96.415 
1     7.382  -10.810  -17.824  -10.585   11.630   42.789 
2     9.375   -6.330  -18.844 -160.273  -11.056  -96.767 
1    10.415  -12.484  -17.457  100.761   18.092  -28.825 
2     9.386   -6.292  -18.770 -160.529  -10.991  -96.824 
1     8.502  -12.232  -19.473   81.372    5.625  -53.590 
2     9.450   -6.287  -18.765 -160.703  -10.898  -96.661 
1     6.737  -10.701  -20.139   25.137  -12.446  116.907 
2     9.445   -6.203  -18.768 -161.171  -11.151  -97.144 
1     6.747   -9.641  -21.138   11.165  -22.874  115.610 
2     9.437   -6.313  -18.757 -160.977  -11.525  -96.938 
1     6.925   -8.381  -20.432  -15.037  -14.918  130.074 
2     9.356   -6.347  -18.750 -161.039  -11.778  -97.095 
1     8.952   -7.067  -19.908  -76.836    6.944   10.887 
2     9.450   -6.340  -18.779 -161.147  -11.494  -96.688 
1    11.494  -10.087  -23.343  101.456  -57.949 -105.846 
2     9.419   -6.388  -18.758 -161.192  -11.695  -96.698 
1    14.600   -9.330  -18.774 -178.562   16.682    6.831 
2     9.412   -6.352  -18.741 -160.990  -11.678  -96.853 
1    14.668  -10.189  -19.407  174.666   14.192    8.361 
2     9.430   -6.348  -18.759 -161.136  -11.637  -96.736 
1    14.286  -11.385  -18.753  171.751   14.473    5.571 
2     9.398   -6.355  -18.736 -160.957  -11.686  -96.889 