34
34
*

1    31.752  -21.839  -36.234  -84.876   18.652  -64.623 
2    28.554  -21.123  -39.321 -167.210   -4.275  -85.456 
1    23.838  -28.438  -39.721  -21.158    3.739   86.690 
2    28.723  -20.861  -39.240 -167.518   -3.946  -85.688 
1    22.303  -27.752  -36.958  -40.118   11.359   57.436 
2    29.336  -20.533  -39.337 -167.386   -2.530  -86.677 
1    25.735  -24.480  -39.737  -35.704   13.625   71.941 
2    29.421  -20.476  -39.357 -167.413   -2.233  -86.751 
1    25.244  -31.195  -39.943  -22.495    6.199   74.051 
2    29.393  -20.464  -39.368 -167.699   -2.214  -86.797 
1    31.781  -34.866  -36.048   86.977   25.414  -70.402 
2    29.412  -20.141  -39.306 -167.434   -2.125  -87.176 
1    28.892  -34.430  -40.758   68.618   10.838  -82.566 
2    29.388  -20.337  -39.285 -167.535   -2.200  -87.025 
1    25.022  -31.554  -42.439   31.231    4.246  -83.733 
2    29.389  -20.358  -39.257 -167.471   -2.426  -87.081 
1    24.795  -28.596  -45.143   27.227    6.418  -82.340 
2    29.359  -20.370  -39.235 -167.490   -2.357  -87.083 
1    24.772  -25.261  -43.411   21.822    5.049  -77.777 
2    29.238  -20.434  -39.153 -167.693   -2.741  -87.104 
1    28.571  -21.970  -41.793  -86.883    8.192   29.980 
2    28.858  -20.419  -39.128 -167.625   -4.022  -86.698 
1    34.808  -29.007  -50.041  158.250  -39.677 -108.686 
2    28.687  -20.370  -39.090 -166.978   -4.624  -87.632 
1    42.622  -26.135  -39.005 -160.406   30.395  -63.608 
2    28.538  -20.404  -38.964 -167.084   -5.118  -87.783 
1    43.091  -28.961  -40.294 -161.940   31.603  -62.255 
2    28.618  -20.426  -39.059 -167.159   -5.037  -87.594 
1    42.835  -31.215  -38.575 -160.993   29.297  -58.369 
2    28.606  -20.561  -39.127 -167.187   -4.855  -87.087 

*

1    31.986  -21.696  -35.884  -88.681   29.693  -38.344 
2    28.908  -20.891  -39.300 -166.679   -4.161  -85.805 
1    23.884  -28.476  -39.926  -25.912   13.748   16.171 
2    28.852  -20.750  -39.234 -166.734   -4.405  -86.037 
1    21.892  -28.319  -36.264  -44.354   12.246   21.382 
2    28.903  -20.644  -39.263 -166.740   -4.143  -86.086 
1    25.346  -24.654  -39.750  -39.225   10.679   27.094 
2    28.920  -20.650  -39.261 -166.835   -3.948  -86.062 
1    25.114  -31.439  -39.331  -33.496    1.659   35.836 
2    29.150  -20.536  -39.282 -167.103   -3.290  -86.213 
1    31.735  -35.064  -35.796   97.334   26.826  -61.079 
2    29.169  -20.441  -39.166 -166.957   -3.159  -86.443 
1    28.634  -34.710  -40.471   92.349   25.268  -68.761 
2    29.112  -20.443  -39.249 -167.233   -3.454  -86.610 
1    24.357  -31.688  -42.353   47.565    7.677  -85.244 
2    29.031  -20.664  -39.174 -167.258   -3.530  -86.437 
1    24.247  -25.392  -43.070   40.301    5.367  -83.850 
2    29.011  -20.507  -39.233 -166.918   -3.586  -86.635 
1    28.638  -22.068  -41.794  -86.281    5.329   33.444 
2    28.905  -20.525  -39.163 -167.399   -3.730  -86.350 
1    35.137  -29.189  -50.190  174.133  -51.280 -122.625 
2    28.981  -20.622  -39.114 -167.202   -3.553  -86.245 
1    43.273  -26.153  -38.666 -162.484   20.749  -65.797 
2    28.915  -20.658  -39.226 -166.945   -3.657  -86.284 
1    43.694  -28.836  -39.851 -167.855   19.072  -70.499 
2    28.966  -20.467  -39.121 -167.130   -3.756  -86.504 
1    42.960  -31.226  -38.274 -169.413   17.302  -67.354 
2    29.003  -20.642  -39.207 -166.905   -3.213  -86.427

*

1    30.827  -21.035  -36.256  -93.038   23.557  -61.611 
2    27.960  -20.383  -39.371 -164.580   -7.864  -88.641 
1    22.696  -28.366  -39.585  -25.305    9.705   74.540 
2    27.917  -20.445  -39.291 -163.708   -8.128  -88.005 
1    20.637  -27.843  -36.243  -47.239   18.321   32.607 
2    27.906  -20.516  -39.171 -163.193   -8.311  -88.295 
1    23.632  -24.655  -39.182  -28.537   17.929   56.885 
2    27.833  -20.359  -39.256 -163.708   -8.575  -88.254 
1    23.845  -31.448  -38.794  -20.611    6.596   58.711 
2    27.981  -20.275  -39.221 -163.881   -8.252  -88.170 
1    30.713  -34.575  -35.613   97.857   22.805  -57.414 
2    27.962  -20.164  -39.185 -163.691   -8.163  -88.419 
1    27.100  -34.619  -40.328   95.122   19.940  -64.943 
2    28.020  -20.240  -39.158 -163.359   -8.007  -88.455 
1    23.245  -31.302  -42.303   42.070    4.710  -71.643 
2    27.927  -20.298  -39.166 -163.454   -8.081  -88.414 
1    23.209  -28.821  -44.657   37.922    5.734  -72.551 
2    27.941  -20.167  -39.220 -163.347   -8.100  -88.594 
1    22.815  -25.348  -42.612   32.498    2.462  -68.433 
2    28.008  -20.141  -39.161 -163.086   -8.105  -88.595 
1    27.576  -21.837  -41.636  -83.356   10.943   45.228 
2    28.008  -20.169  -39.223 -163.063   -7.735  -88.520 
1    42.225  -25.295  -38.176 -157.962   28.285  -63.538 
2    27.876  -20.102  -39.224 -163.191   -8.251  -88.679 
1    42.258  -28.277  -39.780 -159.729   26.556  -67.662 
2    27.924  -20.215  -39.162 -163.178   -8.265  -88.473 
1    41.667  -30.681  -38.099 -159.392   22.538  -68.876 
2    27.944  -20.191  -39.174 -163.287   -8.196  -88.573 

