head:

36 cm

39 cm

*

1    32.824  -19.400  -38.835  -81.658    9.030  -73.885 
2    30.653  -18.009  -42.059 -169.751   14.002  -85.849 
1    24.338  -26.035  -44.197   -6.786  -15.735   48.865 
2    30.686  -18.007  -42.078 -169.937   14.186  -86.068 
1    21.074  -26.045  -40.286   -4.359   -9.546   53.661 
2    30.703  -18.030  -42.019 -169.929   14.203  -85.885 
1    25.647  -22.445  -42.737  -16.710   -0.479   13.403 
2    30.759  -17.940  -42.034 -169.693   14.349  -86.109 
1    25.072  -29.213  -43.158   -2.908   -4.447   19.283 
2    30.873  -17.943  -42.034 -170.053   14.598  -85.975
1    31.736  -33.708  -38.269   81.733    6.408  -53.680 
2    30.652  -17.922  -42.024 -170.178   14.153  -86.247
1    29.393  -31.372  -49.176   68.147  -26.872   95.652 
2    30.643  -17.864  -42.032 -170.065   13.862  -86.445 
1    25.432  -29.073  -47.620   28.964  -26.117  108.133 
2    30.758  -18.041  -41.998 -170.078   14.315  -86.013 
1    26.107  -26.006  -49.556    9.853  -41.603  113.506 
2    30.791  -17.900  -42.050 -169.882   14.411  -86.135
1    26.030  -23.286  -47.666  -23.240  -21.880  136.033 
2    30.772  -18.058  -42.086 -169.773   14.566  -85.880
1    30.097  -21.835  -49.876  -59.900  -31.186  126.208 
2    30.666  -18.216  -41.950 -170.101   13.950  -85.843
1    37.704  -27.706  -51.705  151.368  -67.648   34.353 
2    30.637  -17.873  -42.097 -169.913   14.154  -86.350  
1    43.119  -24.867  -39.654 -174.438   29.134   -3.624 
2    30.477  -18.012  -41.918 -169.996   13.276  -86.227 
1    43.477  -27.583  -40.988  175.268    7.782   14.618 
2    30.519  -17.915  -42.077 -169.904   13.519  -86.430 
1    42.749  -30.052  -39.502  166.153   12.166   13.060 
2    30.663  -18.022  -41.893 -170.075   13.786  -86.097 

*

1    32.887  -19.834  -38.832  -83.260    7.796  -63.557 
2    31.087  -18.552  -42.027 -169.356   15.509  -85.049 
1    24.903  -26.294  -44.019   -5.554  -17.880   48.896 
2    30.986  -18.320  -42.178 -168.916   15.223  -85.350 
1    21.778  -26.389  -40.266   -8.817  -16.910   50.602 
2    30.941  -18.361  -42.146 -168.902   15.246  -85.283 
1    26.171  -22.907  -43.027  -13.041   -6.793   52.399 
2    31.015  -18.323  -42.140 -168.778   15.512  -85.259 
1    25.684  -29.432  -42.837  -11.327  -10.017   48.359 
2    30.939  -18.397  -42.141 -168.880   15.138  -85.201 
1    31.589  -33.888  -38.556   84.061   10.942  -64.652 
2    31.035  -18.208  -42.011 -169.139   15.357  -85.438 
1    ?
2    ?
1    25.920  -29.576  -47.600   24.033  -20.855  111.978 
2    31.010  -18.192  -42.064 -168.883   15.273  -85.498 
1    26.449  -26.784  -49.643    2.411  -38.925  112.585 
2    30.964  -18.268  -42.068 -169.115   15.193  -85.525 
1    26.139  -23.844  -47.963  -25.212  -15.735  132.565 
2    30.946  -18.408  -42.066 -169.107   15.166  -85.230 
1    ?
2    ?
1    37.800  -28.142  -51.916  146.062  -68.961    7.848 
2    30.795  -18.383  -42.109 -169.190   14.886  -85.440
1    43.609  -25.259  -39.369 -174.372   22.146    3.683 
2    30.722  -18.342  -42.185 -169.540   14.544  -85.777 
1    43.975  -27.919  -40.708 -179.649   21.018    2.269 
2    30.860  -18.371  -42.017 -169.477   14.711  -85.484 
1    42.879  -30.476  -39.312  168.525   22.564   -9.199 
2    30.823  -18.275  -42.014 -169.623   14.635  -85.827

*

1    32.454  -17.345  -38.977  -79.986    6.369  -77.997 
2    30.602  -16.031  -42.327 -166.634    6.442  -86.869 
1    25.018  -24.547  -43.762   -3.922  -11.512   42.194 
2    30.624  -15.995  -42.317 -166.042    6.214  -86.849 
1    22.317  -25.028  -40.117   -2.596   -6.921   24.521 
2    30.626  -15.909  -42.355 -165.462    6.352  -86.923 
1    25.934  -21.221  -43.017  -10.116   -3.593   24.266 
2    30.633  -16.089  -42.285 -165.843    6.350  -86.691 
1    26.079  -27.898  -42.612   -0.648   -4.858   19.113 
2    30.634  -15.978  -42.309 -165.784    6.428  -86.788 
1    32.923  -31.420  -39.009   88.161    7.079  -60.370 
2    30.621  -15.902  -42.288 -165.969    6.455  -86.934 
1    30.202  -29.521  -49.395   63.274  -27.523  -59.881 
2    30.593  -15.933  -42.325 -165.816    6.463  -86.885 
1    26.223  -27.854  -46.954   38.148  -21.751  -42.321 
2    30.602  -16.002  -42.355 -165.836    6.395  -86.792 
1    26.035  -25.027  -48.780    8.548  -40.055  -33.776 
2    30.635  -16.068  -42.317 -165.621    6.538  -86.565 
1    25.914  -22.089  -47.594  -13.591  -14.740  -16.491 
2    30.696  -16.027  -42.424 -165.433    6.705  -86.509 
1    29.789  -20.137  -49.980  -51.649  -26.897   13.957 
2    30.564  -16.033  -42.368 -165.874    6.435  -86.785 
1    37.553  -24.598  -52.653  142.819  -78.161    2.331 
2    30.628  -15.979  -42.325 -165.926    6.470  -86.845
1    43.801  -21.778  -40.970 -169.264   11.138 -172.914 
2    30.498  -16.083  -42.281 -166.314    6.156  -86.853 
1    44.753  -24.406  -42.097 -176.152    4.987 -173.057 
2    30.498  -16.003  -42.355 -165.903    6.277  -86.995 
1    44.235  -26.708  -40.699  179.878    6.348 -176.715 
2    30.517  -15.939  -42.300 -165.956    6.154  -86.997